  1835.65847513     0.99884979        0
  1835.67890709     0.99866909        0
  1835.69933905     0.99868508        0
  1835.71977102     0.99819698        0
  1835.74020298     0.99771200        0
  1835.76063504     0.99702014        0
  1835.78106690     0.99693508        0
  1835.80149886     1.00255130        0
  1835.82193092     1.00006411        0
  1835.84236278     0.99971572        0
  1835.86279474     0.99957180        0
  1835.88322680     0.99982260        0
  1835.90365866     1.00013187        0
  1835.92409062     1.00016094        0
  1835.94452268     0.99990392        0
  1835.96495454     0.99972353        0
  1835.98538649     0.99984677        0
  1836.00581855     1.00003284        0
  1836.02625041     1.00001521        0
  1836.04668236     0.99975740        0
  1836.06711442     0.99970405        0
  1836.08754627     1.00007113        0
  1836.10797823     1.00026806        0
  1836.12841028     1.00005652        0
  1836.14884224     0.99984757        0
  1836.16927409     0.99984159        0
  1836.18970614     1.00011793        0
  1836.21013810     1.00021259        0
  1836.23057015     1.00026768        0
  1836.25100200     1.00011165        0
  1836.27143395     1.00009859        0
  1836.31229785     1.00023363        0
  1836.33272980     1.00023321        0
  1836.35316185     1.00024011        0
  1836.37359370     1.00032711        0
  1836.39402565     1.00049117        0
  1836.41445760     1.00058676        0
  1836.43488955     1.00062574        0
  1836.45532149     1.00045126        0
  1836.47575344     1.00019542        0
  1836.49618539     1.00020841        0
  1836.51661734     1.00031183        0
  1836.53704928     1.00045139        0
  1836.55748123     1.00037097        0
  1836.57791317     1.00031179        0
  1836.59834522     1.00027387        0
  1836.61877706     1.00033552        0
  1836.63920901     1.00042738        0
  1836.65964105     1.00035400        0
  1836.68007289     1.00013970        0
  1836.70050483     0.99999575        0
  1836.72093688     1.00000837        0
  1836.74136872     1.00022473        0
  1836.76180066     1.00026793        0
  1836.78223270     1.00024580        0
  1836.80266454     1.00000283        0
  1836.82309658     1.00001352        0
  1836.84352852     1.00012531        0
  1836.86396036     1.00038196        0
  1836.88439240     1.00039917        0
  1836.90482434     1.00044063        0
  1836.92525618     1.00039374        0
  1836.94568822     1.00035870        0
  1836.96612015     1.00024823        0
  1836.98655209     1.00016566        0
  1837.00698403     1.00014158        0
  1837.19087144     1.00017689        0
  1837.21130337     1.00006128        0
  1837.23173530     1.00040804        0
  1837.25216723     1.00050782        0
  1837.27259917     1.00046063        0
  1837.29303100     1.00058920        0
  1837.31346303     1.00054246        0
  1837.33389496     1.00021793        0
  1837.35432689     1.00024380        0
  1837.37475882     1.00043306        0
  1837.39519075     1.00063462        0
  1837.41562267     1.00088957        0
  1837.43605470     1.00057714        0
  1837.45648653     1.00029288        0
  1837.47691856     1.00003019        0
  1837.49735048     1.00030339        0
  1837.51778231     1.00053078        0
  1837.53821434     1.00044637        0
  1837.55864626     1.00007357        0
  1837.57907809     0.99987458        0
  1837.59951011     0.99992681        0
  1837.61994204     1.00022912        0
  1837.64037386     1.00048871        0
  1837.66080588     1.00020690        0
  1837.68123781     0.99991102        0
  1837.70166963     0.99987588        0
  1837.72210165     0.99999748        0
  1837.74253358     1.00003928        0
  1837.76296540     0.99997255        0
  1837.78339742     0.99988368        0
  1837.80382934     1.00004462        0
  1837.82426126     1.00009192        0
  1837.84469318     1.00007724        0
  1837.86512510     1.00017290        0
  1837.88555692     1.00018465        0
  1837.90598894     1.00018427        0
  1837.92642086     1.00029252        0
  1837.94685277     1.00032294        0
  1837.96728469     1.00011525        0
  1837.98771661     0.99999095        0
  1838.00814843     1.00021892        0
  1838.02858044     1.00053518        0
  1838.04901236     1.00052238        0
  1838.06944437     0.99969130        0
  1838.08987619     0.99685376        0
  1838.11030811     0.99356199        0
  1838.13074012     0.99011857        0
  1838.15117193     0.98653000        0
  1838.17160385     0.98301116        0
  1838.19203586     0.97992005        0
  1838.21246767     0.97770191        0
  1838.23289959     0.97640938        0
  1838.33505924     0.97828986        0
  1838.35549105     0.97994093        0
  1838.37592306     0.98274789        0
  1838.39635497     0.98634989        0
  1838.41678678     0.99004392        0
  1838.43721879     0.99352531        0
  1838.45765070     0.99685446        0
  1838.47808251     0.99934604        0
  1838.49851451     1.00026578        0
  1838.51894642     1.00077993        0
  1838.53937823     1.00046038        0
  1838.55981023     1.00032573        0
  1838.58024214     1.00029979        0
  1838.60067395     1.00032898        0
  1838.62110595     1.00007204        0
  1838.64153786     1.00009227        0
  1838.66196966     1.00030852        0
  1838.68240166     1.00062366        0
  1838.70283357     1.00013317        0
  1838.72326547     0.99972627        0
  1838.74369737     0.99954387        0
  1838.76412928     0.99987988        0
  1838.78456118     1.00027931        0
  1838.80499308     1.00039915        0
  1838.82542498     0.99998163        0
  1838.84585698     0.99975607        0
  1838.86628878     0.99996978        0
  1838.88672068     1.00025482        0
  1838.90715268     0.99989772        0
  1838.92758448     0.99965828        0
  1838.94801638     0.99952537        0
  1838.96844838     0.99974477        0
  1839.13190345     0.99998921        0
  1839.15233545     1.00038080        0
  1839.17276734     1.00037704        0
  1839.19319914     1.00007857        0
  1839.21363113     0.99985569        0
  1839.23406303     0.99984461        0
  1839.25449482     0.99999013        0
  1839.27492681     1.00019289        0
  1839.29535871     1.00007019        0
  1839.31579070     1.00004954        0
  1839.33622249     1.00026438        0
  1839.35665438     1.00026727        0
  1839.37708627     1.00007709        0
  1839.39751816     0.99997404        0
  1839.41794995     0.99989001        0
  1839.43838194     0.99996214        0
  1839.45881383     1.00002592        0
  1839.47924562     0.99993800        0
  1839.49967761     0.99973036        0
  1839.52010950     0.99989114        0
  1839.54054138     1.00023655        0
  1839.56097327     1.00014705        0
  1839.58140516     0.99966473        0
  1839.60183705     0.99941894        0
  1839.62226893     0.99933744        0
  1839.64270082     0.99937076        0
  1839.66313270     0.99891152        0
  1839.68356469     0.99845075        0
  1839.70399647     0.99773736        0
  1839.72442836     1.00155022        0
  1839.74486034     0.99969018        0
  1839.76529213     0.99983592        0
  1839.78572401     0.99982452        0
  1839.80615599     0.99958130        0
  1839.82658778     0.99975693        0
  1839.84701966     0.99970942        0
  1839.86745164     0.99981289        0
  1839.88788342     0.99987991        0
  1839.90831530     0.99969373        0
  1839.92874728     0.99948874        0
  1839.94917916     0.99917087        0
  1839.96961104     0.99921558        0
  1839.99004292     0.99930720        0
  1840.01047480     0.99897187        0
  1840.03090668     0.99827271        0
  1840.05133856     0.99781745        0
  1840.07177044     0.99726555        0
  1840.09220231     0.99700958        0
  1840.11263419     0.99664512        0
  1840.13306597     0.99625050        0
  1840.15349795     0.99603382        0
  1840.17392982     0.99605355        0
  1840.19436160     0.99624474        0
  1840.35781669     1.00000000        0
  1840.37824856     0.99999342        0
  1840.39868044     0.99988835        0
  1840.41911231     0.99992848        0
  1840.43954418     0.99996102        0
  1840.45997605     1.00001958        0
  1840.48040792     1.00009226        0
  1840.50083979     1.00010322        0
  1840.52127176     0.99986530        0
  1840.54170353     0.99989970        0
  1840.56213550     1.00010873        0
  1840.58256737     1.00005616        0
  1840.60299914     0.99983267        0
  1840.62343111     0.99962824        0
  1840.64386297     0.99962859        0
  1840.66429474     0.99973500        0
  1840.68472671     0.99974447        0
  1840.70515857     1.00280420        0
  1840.76645417     0.99945568        0
  1840.78688604     0.99932186        0
  1840.80731790     0.99917011        0
  1840.82774967     0.99918794        0
  1840.84818163     0.99934736        0
  1840.86861349     0.99943764        0
  1840.88904536     0.99918324        0
  1840.90947712     0.99911783        0
  1840.92990908     0.99914514        0
  1840.95034095     0.99902062        0
  1840.97077271     0.99890106        0
  1840.99120467     0.99901057        0
  1872.00648380     1.00103808        1
  1872.02691538     1.00089383        1
  1872.04734697     1.00093081        1
  1872.06777856     1.00064087        1
  1872.08821014     1.00096359        1
  1872.10864173     1.00092719        1
  1872.12907342     1.00099910        1
  1872.16993649     1.00077204        1
  1872.19036818     1.00101457        1
  1872.21079976     1.00087556        1
  1872.23123125     1.00075504        1
  1872.25166294     1.00082784        1
  1872.27209452     1.00100356        1
  1872.29252601     1.00120567        1
  1872.31295770     1.00081896        1
  1872.33338928     1.00079749        1
  1872.35382077     1.00101762        1
  1872.37425246     1.00143996        1
  1872.41511573     1.00007688        1
  1872.43554722     0.99995504        1
  1872.45597880     1.00010047        1
  1872.47641049     1.00067597        1
  1872.49684198     1.00099389        1
  1872.51727356     1.00090091        1
  1872.53770525     1.00042945        1
  1872.55813674     1.00055788        1
  1872.57856832     1.00095510        1
  1872.59900001     1.00105293        1
  1872.61943150     1.00073696        1
  1872.66029477     1.00075953        1
  1872.68072626     1.00113738        1
  1872.70115794     1.00107774        1
  1872.72158953     1.00071067        1
  1872.74202102     1.00083133        1
  1872.76245270     1.00101399        1
  1872.78288429     1.00100813        1
  1872.80331578     1.00102109        1
  1872.82374747     1.00078227        1
  1872.84417905     1.00072875        1
  1872.86461054     1.00087301        1
  1872.90547381     1.00114295        1
  1872.92590530     1.00112087        1
  1872.94633699     1.00101371        1
  1872.96676857     1.00090701        1
  1872.98720026     1.00108130        1
  1873.00763175     1.00091634        1
  1873.02806334     1.00063754        1
  1873.15065286     1.00020050        1
  1873.17108455     1.00007238        1
  1873.19151613     1.00019844        1
  1873.21194772     1.00050737        1
  1873.23237931     1.00089523        1
  1873.25281089     1.00083344        1
  1873.27324248     1.00040801        1
  1873.29367407     1.00033244        1
  1873.31410566     1.00033534        1
  1873.33453724     1.00056766        1
  1873.35496883     1.00064892        1
  1873.39583200     1.00328619        1
  1873.41626359     1.00050149        1
  1873.43669508     1.00091461        1
  1873.45712677     1.00066067        1
  1873.47755835     1.00052812        1
  1873.49799004     1.00049508        1
  1873.51842153     1.00055548        1
  1873.53885312     1.00052547        1
  1873.55928480     1.00063846        1
  1873.57971629     1.00073989        1
  1873.60014788     1.00097114        1
  1873.64101115     0.99867616        1
  1873.66144264     0.99881266        1
  1873.68187433     0.99894614        1
  1873.70230592     0.99906691        1
  1873.72273741     0.99934596        1
  1873.74316909     0.99937974        1
  1873.76360068     0.99934525        1
  1873.78403227     0.99962517        1
  1873.80446386     0.99953862        1
  1873.82489544     0.99978269        1
  1873.84532713     0.99995014        1
  1873.88619021     1.00037804        1
  1873.90662190     1.00025923        1
  1873.92705338     1.00002172        1
  1873.94748497     1.00014985        1
  1873.96791666     1.00044380        1
  1873.98834815     1.00071724        1
  1874.00877984     1.00057335        1
  1874.02921132     0.99989791        1
  1874.04964291     1.00020903        1
  1874.07007460     1.00020748        1
  1874.09050609     1.00062646        1
  1874.13136936     0.99793180        1
  1874.15180085     0.99801618        1
  1874.17223244     0.99832418        1
  1874.19266413     0.99854927        1
  1874.21309572     0.99899146        1
  1874.23352721     0.99939439        1
  1874.25395889     0.99962343        1
  1874.27439048     0.99968421        1
  1874.29482207     0.99958834        1
  1874.31525366     0.99984453        1
  1874.33568525     1.00004654        1
  1874.37654842     1.00020496        1
  1874.39698001     1.00011255        1
  1874.41741170     1.00023842        1
  1874.43784319     1.00022586        1
  1874.45827478     1.00013598        1
  1874.47870647     1.00025849        1
  1874.49913796     1.00038151        1
  1874.51956965     1.00061233        1
  1874.54000123     1.00062971        1
  1874.56043272     1.00020237        1
  1874.58086441     1.00006106        1
  1874.62172749     1.00040538        1
  1874.64215918     1.00048351        1
  1874.66259077     0.99988944        1
  1874.68302236     0.99975214        1
  1874.70345395     1.00016895        1
  1874.72388553     1.00076250        1
  1874.74431702     1.00078343        1
  1874.76474871     0.99996109        1
  1874.86690676     1.00006931        1
  1874.88733825     0.99960716        1
  1874.90776984     0.99950516        1
  1874.92820153     0.99973375        1
  1874.94863302     0.99984012        1
  1874.96906461     1.00041173        1
  1874.98949630     1.00056132        1
  1875.00992778     1.00024156        1
  1875.03035947     0.99928597        1
  1875.11208583     1.00002917        1
  1875.13251732     0.99997872        1
  1875.15294901     0.99967248        1
  1875.17338060     0.99980328        1
  1875.19381219     1.00017738        1
  1875.21424378     0.99995490        1
  1875.35726491     1.00227940        1
  1875.37769660     1.00090086        1
  1875.39812809     0.99992312        1
  1875.41855968     0.99968171        1
  1875.43899137     0.99981016        1
  1875.45942287     1.00021876        1
  1875.47985446     1.00032486        1
  1875.50028615     1.00055096        1
  1875.52071764     1.00049345        1
  1875.54114933     1.00023901        1
  1875.56158092     1.00023645        1
  1875.60244410     0.99971929        1
  1875.62287569     1.00015330        1
  1875.64330718     1.00022985        1
  1875.66373887     1.00004177        1
  1875.68417046     0.99984499        1
  1875.70460205     1.00033415        1
  1875.72503365     1.00015230        1
  1875.74546524     1.00006490        1
  1875.76589693     1.00006601        1
  1875.78632842     0.99995857        1
  1875.80676001     0.99994297        1
  1875.84762329     0.99979498        1
  1875.86805478     0.99999841        1
  1875.88848647     1.00020309        1
  1875.90891807     1.00020617        1
  1875.92934956     1.00000000        1
  1875.94978125     0.99981182        1
  1875.97021284     0.99943052        1
  1876.09280239     0.99948091        1
  1876.11323398     0.99980842        1
  1876.13366558     1.00016333        1
  1876.15409707     1.00008831        1
  1876.17452876     0.99997169        1
  1876.19496035     0.99992462        1
  1876.21539194     0.99996065        1
  1876.23582354     0.99958222        1
  1876.33798160     0.99882286        1
  1876.35841319     0.99915834        1
  1876.37884468     0.99928084        1
  1876.39927638     0.99947020        1
  1876.41970797     0.99958179        1
  1876.44013946     0.99968995        1
  1876.46057115     0.99979620        1
  1876.48100275     0.99968904        1
  1876.50143444     0.99979592        1
  1876.52186593     1.00001567        1
  1876.54229753     0.99993515        1
  1876.58316071     1.00029732        1
  1876.60359231     1.00016719        1
  1876.62402400     0.99963712        1
  1876.82833983     0.99998332        1
  1876.84877153     1.00040579        1
  1876.86920302     1.00054642        1
  1876.88963462     1.00014650        1
  1876.91006631     0.99945260        1
  1877.07351916     0.99961794        1
  1877.09395066     0.99974489        1
  1877.11438225     0.99971365        1
  1877.13481395     0.99979525        1
  1877.15524544     0.99980003        1
  1877.17567704     0.99975527        1
  1877.19610873     0.99994929        1
  1877.21654023     1.00031905        1
  1877.23697192     1.00060046        1
  1877.25740352     1.00030988        1
  1877.27783501     0.99924554        1
  1877.31869830     0.99949022        1
  1877.33912990     0.99985251        1
  1877.35956149     0.99974734        1
  1877.37999309     0.99944305        1
  1877.40042469     0.99947931        1
  1877.42085628     1.00017957        1
  1877.44128788     0.99996304        1
  1877.46171947     0.99977941        1
  1877.48215107     0.99948803        1
  1877.50258266     0.99944981        1
  1877.52301426     0.99998563        1
  1877.56387745     0.99883959        1
  1877.58430915     0.99876468        1
  1877.60474064     0.99903627        1
  1877.62517224     0.99972387        1
  1877.64560394     0.99973377        1
  1877.66603543     0.99959608        1
  1877.68646713     0.99953284        1
  1877.70689873     0.99962250        1
  1877.72733022     0.99991555        1
  1877.74776192     0.99980979        1
  1877.76819352     0.99972747        1
  1877.80905671     0.99957050        1
  1877.82948831     0.99984122        1
  1877.84991980     1.00011347        1
  1877.87035150     0.99982677        1
  1877.89078310     0.99987716        1
  1877.91121470     0.99955798        1
  1877.93164629     1.00005944        1
  1877.95207789     0.99986486        1
  1877.97250959     0.99993597        1
  1877.99294119     1.00009412        1
  1878.01337268     1.00039511        1
  1878.05423598     0.99988091        1
  1878.07466748     0.99969965        1
  1878.09509917     0.99982879        1
  1878.11553077     0.99981272        1
  1878.13596227     0.99993679        1
  1878.15639397     0.99994032        1
  1878.17682547     1.00019886        1
  1878.19725716     1.00042096        1
  1878.21768876     1.00048111        1
  1878.23812026     1.00001024        1
  1878.25855196     0.99968010        1
  1878.29941506     1.00003980        1
  1878.31984676     0.99970162        1
  1878.34027835     0.99978682        1
  1878.36070985     0.99998237        1
  1878.38114155     1.00015796        1
  1878.40157315     1.00021384        1
  1878.42200485     1.00022090        1
  1878.44243635     1.00024053        1
  1878.46286795     0.99998640        1
  1878.48329965     0.99938364        1
  1878.54459445     0.99969654        1
  1878.56502605     0.99985843        1
  1878.58545755     0.99974746        1
  1878.60588925     0.99957147        1
  1878.62632085     0.99959595        1
  1878.64675245     0.99992299        1
  1878.66718405     1.00005062        1
  1878.68761565     1.00037024        1
  1878.70804735     1.00039215        1
  1878.72847885     1.00048277        1
  1878.74891045     0.99984540        1
  1878.78977365     0.99927109        1
  1878.81020525     0.99948219        1
  1878.83063685     0.99975310        1
  1878.85106845     0.99992943        1
  1878.87150015     0.99961315        1
  1878.89193165     0.99969915        1
  1878.91236325     0.99999090        1
  1878.93279495     1.00020744        1
  1878.95322645     1.00048467        1
  1878.97365806     1.00039321        1
  1878.99408976     0.99991796        1
  1879.03495286     0.99852614        1
  1879.05538456     0.99763553        1
  1879.07581616     0.99036171        1
  1879.09624776     0.97939243        1
  1879.11667937     0.96680498        1
  1879.13711097     0.95370291        1
  1879.15754257     0.94099943        1
  1879.17797417     0.92911072        1
  1879.19840577     0.91961067        1
  1879.21883748     0.91274300        1
  1879.23926898     0.90881241        1
  1879.28013228     0.90476163        1
  1879.30056379     0.90650728        1
  1879.32099549     0.91042832        1
  1879.34142709     0.91702022        1
  1879.36185859     0.92648429        1
  1879.38229030     0.93795840        1
  1879.40272190     0.95057155        1
  1879.42315340     0.96414048        1
  1879.44358511     0.97762344        1
  1879.46401671     0.98879242        1
  1879.48444821     0.99731581        1
  1879.52531142     0.99980020        1
  1879.54574312     1.00026247        1
  1879.56617473     0.99996165        1
  1879.58660633     1.00018926        1
  1879.60703793     0.99970900        1
  1879.62746954     1.00005319        1
  1879.64790114     1.00013314        1
  1879.66833275     1.00059247        1
  1879.68876435     1.00031058        1
  1879.70919596     0.99983772        1
  1879.72962756     0.99991107        1
  1879.77049087     1.00016654        1
  1879.79092247     0.99978170        1
  1879.81135398     0.99991356        1
  1879.83178568     0.99986780        1
  1879.85221729     0.99980106        1
  1879.87264879     0.99989685        1
  1879.89308050     1.00004056        1
  1879.91351210     1.00046058        1
  1879.93394361     1.00069789        1
  1879.95437531     1.00080788        1
  1879.97480692     0.99998026        1
  1880.01567013     0.99829863        2
  1880.03610174     0.99878768        2
  1880.05653344     0.99916120        2
  1880.07696495     0.99902118        2
  1880.09739656     0.99905096        2
  1880.11782816     0.99924368        2
  1880.13825977     0.99934846        2
  1880.15869137     0.99968128        2
  1880.17912308     0.99985905        2
  1880.19955459     0.99983387        2
  1880.21998629     0.99976685        2
  1880.26084941     0.99951126        2
  1880.28128111     0.99991556        2
  1880.30171272     1.00006171        2
  1880.32214423     1.00008173        2
  1880.34257594     1.00018425        2
  1880.36300754     1.00021329        2
  1880.38343905     1.00031527        2
  1880.40387076     0.99995515        2
  1880.42430237     0.99961960        2
  1880.50602890     0.99972755        2
  1880.52646041     0.99980259        2
  1880.54689201     1.00012845        2
  1880.56732372     1.00072661        2
  1880.58775523     1.00048809        2
  1880.60818684     0.99997789        2
  1880.62861855     0.99947595        2
  1880.64905006     0.99927159        2
  1880.75120820     0.99937333        2
  1880.77163981     0.99943877        2
  1880.79207142     0.99990191        2
  1880.81250303     0.99982871        2
  1880.83293464     0.99981229        2
  1880.85336625     1.00015879        2
  1880.87379786     1.00034770        2
  1880.89422947     1.00030217        2
  1880.91466108     1.00000926        2
  1880.93509269     0.99960882        2
  1880.99638752     0.99808531        2
  1881.01681923     0.99846921        2
  1881.03725074     0.99896468        2
  1881.05768235     0.99932999        2
  1881.07811406     0.99950456        2
  1881.09854558     0.99910293        2
  1881.11897729     0.99885772        2
  1881.13940890     0.99911949        2
  1881.15984041     0.99941206        2
  1881.18027212     0.99993693        2
  1881.20070373     1.00016554        2
  1881.24156696     0.99959399        2
  1881.26199857     0.99954460        2
  1881.28243018     0.99962862        2
  1881.30286179     0.99930182        2
  1881.32329340     0.99931920        2
  1881.34372512     0.99926301        2
  1881.36415663     0.99918908        2
  1881.38458824     0.99932701        2
  1881.40501995     0.99988157        2
  1881.42545157     1.00038984        2
  1881.44588308     1.00025228        2
  1881.48674631     0.99893272        2
  1881.50717802     0.99953243        2
  1881.52760963     0.99976356        2
  1881.54804125     0.99940215        2
  1881.56847286     0.99916443        2
  1881.58890447     0.99946924        2
  1881.60933599     0.99934652        2
  1881.62976770     0.99959109        2
  1881.65019932     0.99923036        2
  1881.67063083     0.99950687        2
  1881.69106254     0.99973693        2
  1881.73192587     0.99939417        2
  1881.75235739     0.99920903        2
  1881.77278900     0.99927664        2
  1881.79322072     0.99962717        2
  1881.81365223     1.00005146        2
  1881.83408385     1.00035366        2
  1881.85451556     1.00012440        2
  1881.87494708     1.00020087        2
  1881.89537869     1.00015645        2
  1881.91581041     0.99998355        2
  1881.93624202     0.99969678        2
  1881.97710525     0.99944629        2
  1881.99753687     0.99976585        2
  1882.01796849     0.99980686        2
  1882.03840010     0.99955040        2
  1882.05883172     0.99988906        2
  1882.07926344     1.00053962        2
  1882.09969495     1.00079668        2
  1882.12012657     1.00021465        2
  1882.14055829     0.99954825        2
  1882.22228465     0.99978460        2
  1882.24271637     0.99972800        2
  1882.26314789     1.00014992        2
  1882.28357951     1.00085737        2
  1882.30401122     1.00068882        2
  1882.32444274     1.00020711        2
  1882.34487446     0.99954136        2
  1882.46746417     1.00038276        2
  1882.48789579     1.00086422        2
  1882.50832741     1.00058667        2
  1882.52875903     1.00014691        2
  1882.54919065     0.99968863        2
  1882.71264370     0.99725318        2
  1882.73307522     0.99792124        2
  1882.75350694     0.99839519        2
  1882.77393857     0.99873325        2
  1882.79437029     0.99877199        2
  1882.81480181     0.99918478        2
  1882.83523343     0.99961893        2
  1882.85566515     0.99942916        2
  1882.87609667     0.99931424        2
  1882.89652819     0.99955836        2
  1882.91695991     0.99982032        2
  1882.95782316     0.99701343        2
  1882.97825478     0.99763144        2
  1882.99868640     0.99813341        2
  1883.01911812     0.99840465        2
  1883.03954964     0.99921758        2
  1883.05998127     0.99920446        2
  1883.08041299     0.99926526        2
  1883.10084461     0.99910443        2
  1883.12127613     0.99959085        2
  1883.14170786     1.00013032        2
  1883.16213948     1.00046410        2
  1883.20300273     0.99971687        2
  1883.22343435     0.99920490        2
  1883.24386607     0.99963841        2
  1883.26429760     0.99986340        2
  1883.28472922     0.99964962        2
  1883.30516094     1.00008123        2
  1883.32559247     1.00027613        2
  1883.34602409     1.00059182        2
  1883.36645582     1.00056532        2
  1883.38688734     1.00057501        2
  1883.40731907     1.00050867        2
  1883.44818221     0.99943360        2
  1883.46861394     0.99980587        2
  1883.48904556     1.00004646        2
  1883.50947709     1.00032999        2
  1883.52990882     1.00029077        2
  1883.55034034     1.00023122        2
  1883.57077207     1.00052001        2
  1883.59120369     1.00086635        2
  1883.61163522     1.00077164        2
  1883.63206694     0.99990159        2
  1883.65249857     0.99914860        2
  1883.69336182     0.99884698        2
  1883.71379345     0.99896115        2
  1883.73422508     0.99899208        2
  1883.75465670     0.99926182        2
  1883.77508833     0.99976177        2
  1883.79552006     0.99985114        2
  1883.81595168     0.99966962        2
  1883.83638321     0.99936961        2
  1883.85681494     0.99975417        2
  1883.87724657     1.00012121        2
  1883.89767809     1.00033305        2
  1883.93854145     0.99817628        2
  1883.95897298     0.99841010        2
  1883.97940471     0.99912189        2
  1883.99983634     0.99951941        2
  1884.02026806     0.99983615        2
  1884.04069959     0.99979498        2
  1884.06113122     0.99954485        2
  1884.08156295     0.99962204        2
  1884.10199448     0.99972423        2
  1884.12242611     1.00001274        2
  1884.14285784     1.00025071        2
  1884.18372100     0.99838969        2
  1884.20415263     0.99925084        2
  1884.22458426     0.99945387        2
  1884.24501599     0.99980616        2
  1884.26544752     0.99973735        2
  1884.28587915     0.99955338        2
  1884.30631088     0.99958006        2
  1884.32674251     0.99980362        2
  1884.34717404     1.00042698        2
  1884.36760577     1.00067318        2
  1884.38803740     1.00040706        2
  1884.42890067     0.99907898        2
  1884.44933230     0.99962394        2
  1884.46976403     1.00001714        2
  1884.49019556     0.99998917        2
  1884.51062719     1.00014118        2
  1884.53105892     0.99993174        2
  1884.55149046     1.00014384        2
  1884.57192209     1.00060507        2
  1884.59235382     1.00089484        2
  1884.61278535     1.00106333        2
  1884.63321709     1.00090977        2
  1884.67408025     0.99989460        2
  1884.69451199     1.00008254        2
  1884.71494362     1.00012625        2
  1884.73537525     1.00027507        2
  1884.75580689     1.00038266        2
  1884.77623852     1.00075946        2
  1884.79667016     1.00089838        2
  1884.81710179     1.00086924        2
  1884.83753342     1.00046204        2
  1884.85796506     1.00007309        2
  1884.91925996     0.99928445        2
  1884.93969160     0.99978352        2
  1884.96012323     1.00006665        2
  1884.98055497     1.00021552        2
  1885.00098650     1.00044338        2
  1885.02141824     1.00016025        2
  1885.04184988     1.00038426        2
  1885.06228141     1.00103065        2
  1885.08271315     1.00132356        2
  1885.10314478     1.00069406        2
  1885.12357632     0.99998624        2
  1885.16443969     1.00431251        2
  1885.18487123     0.99965018        2
  1885.20530297     1.00001328        2
  1885.22573460     1.00041986        2
  1885.24616634     1.00061941        2
  1885.26659788     0.99988653        2
  1885.28702952     0.99980796        2
  1885.30746125     0.99993356        2
  1885.32789279     1.00023407        2
  1885.34832443     1.00042665        2
  1885.36875617     1.00065578        2
  1885.40961935     0.99929946        2
  1885.43005108     0.99959377        2
  1885.45048272     1.00000000        2
  1885.47091436     1.00006619        2
  1885.49134600     1.00073300        2
  1885.51177764     1.00066219        2
  1885.53220928     1.00022641        2
  1885.55264092     1.00029448        2
  1885.57307246     1.00025722        2
  1885.59350420     1.00107130        2
  1885.61393584     1.00189607        2
  1885.65479912     1.00057140        2
  1885.67523076     1.00002259        2
  1885.69566250     1.00019608        2
  1885.71609404     1.00054506        2
  1885.73652568     1.00108053        2
  1885.75695742     1.00125188        2
  1885.77738897     1.00087224        2
  1885.79782061     1.00090985        2
  1885.81825235     1.00124546        2
  1885.83868389     1.00140448        2
  1885.85911563     1.00127137        2
  1885.89997882     0.99961743        2
  1885.92041056     1.00012371        2
  1885.94084220     1.00043390        2
  1885.96127385     1.00051061        2
  1885.98170549     1.00054074        2
  1886.00213713     1.00050227        2
  1886.02256877     1.00069800        2
  1886.04300042     1.00084026        2
  1886.06343206     1.00097285        2
  1886.08386381     1.00120876        2
  1886.10429545     1.00137051        2
  1886.14515874     0.99926278        2
  1886.16559038     0.99961913        2
  1886.18602193     1.00010564        2
  1886.20645367     1.00045807        2
  1886.22688522     1.00065240        2
  1886.24731696     1.00077823        2
  1886.26774861     1.00107750        2
  1886.28818015     1.00090654        2
  1886.30861190     1.00092990        2
  1886.32904354     1.00120253        2
  1886.34947509     1.00139578        2
  1886.39033848     1.00084924        2
  1886.41077003     1.00048370        2
  1886.43120177     1.00063348        2
  1886.45163342     1.00106335        2
  1886.47206517     1.00162668        2
  1886.49249671     1.00160912        2
  1886.51292836     1.00101241        2
  1886.63551835     1.00099709        2
  1886.65595000     1.00122730        2
  1886.67638164     1.00150407        2
  1886.69681329     1.00134342        2
  1886.71724494     1.00092484        2
  1886.88069814     1.00059136        2
  1886.90112979     1.00061521        2
  1886.92156154     1.00120554        2
  1886.94199309     1.00151899        2
  1886.96242474     1.00112451        2
  1886.98285649     1.00048043        2
  1887.12587805     0.99989333        2
  1887.14630971     1.00033607        2
  1887.16674136     1.00026000        2
  1887.18717301     1.00040527        2
  1887.20760467     1.00065722        2
  1887.22803632     1.00102127        2
  1887.24846807     1.00139565        2
  1887.26889963     1.00098611        2
  1887.28933128     1.00068252        2
  1887.30976303     1.00067240        2
  1887.33019469     1.00104514        2
  1887.37105799     1.00031382        2
  1887.39148965     1.00059031        2
  1887.41192120     1.00073863        2
  1887.43235296     1.00093572        2
  1887.45278461     1.00145307        2
  1887.47321627     1.00056933        2
  1887.49364792     1.00084768        2
  1887.51407958     1.00110294        2
  1887.53451134     1.00157757        2
  1887.55494289     1.00177307        2
  1887.57537455     0.99982105        2
  1887.61623786     0.99241175        2
  1887.63666962     0.98904690        2
  1887.65710117     0.98617536        2
  1887.67753283     0.98281797        2
  1887.69796459     0.98057924        2
  1887.71839615     0.97898791        2
  1887.73882780     0.97809190        2
  1887.75925956     0.97760721        2
  1887.77969112     0.97716944        2
  1887.86141785     0.98187644        2
  1887.88184951     0.98504456        2
  1887.90228117     0.98884121        2
  1887.92271283     0.99272224        2
  1887.94314449     0.99643792        2
  1887.96357615     0.99952592        2
  1887.98400791     1.00107156        2
  1891.04875974     0.99913830        3
  1891.06919143     0.99979482        3
  1891.08962322     0.99994802        3
  1891.11005481     1.00038851        3
  1891.13048650     1.00066871        3
  1891.15091829     1.00107084        3
  1891.17134988     1.00106583        3
  1891.19178167     1.00134500        3
  1891.21221336     1.00077322        3
  1891.29394003     0.99941591        3
  1891.31437182     0.99981976        3
  1891.33480351     1.00005150        3
  1891.35523530     1.00006678        3
  1891.37566690     1.00035696        3
  1891.39609859     1.00078495        3
  1891.41653038     1.00112481        3
  1891.43696197     1.00135441        3
  1891.45739367     1.00073377        3
  1891.47782546     1.00016598        3
  1891.53912054     0.99920878        3
  1891.55955214     0.99924322        3
  1891.57998393     0.99970058        3
  1891.60041563     0.99962089        3
  1891.62084723     1.00008632        3
  1891.64127902     1.00030609        3
  1891.66171072     1.00085084        3
  1891.68214231     1.00100514        3
  1891.70257411     1.00110550        3
  1891.72300581     1.00092376        3
  1891.74343760     1.00026071        3
  1891.78430090     0.99914953        3
  1891.80473269     0.99985323        3
  1891.82516429     0.99980728        3
  1891.84559599     1.00001528        3
  1891.86602779     1.00038612        3
  1891.88645939     1.00072650        3
  1891.90689108     1.00096681        3
  1891.92732288     1.00097174        3
  1891.94775448     1.00089847        3
  1891.96818628     1.00083834        3
  1892.02948138     0.99865803        3
  1892.04991308     0.99933854        3
  1892.07034478     0.99998401        3
  1892.09077648     1.00044497        3
  1892.11120818     1.00009764        3
  1892.13163998     1.00007246        3
  1892.15207168     1.00056218        3
  1892.17250328     1.00115330        3
  1892.19293509     1.00099514        3
  1892.21336669     1.00028928        3
  1892.27466179     0.99962492        3
  1892.29509360     0.99955364        3
  1892.31552530     0.99946161        3
  1892.33595690     0.99978354        3
  1892.35638871     1.00052402        3
  1892.37682041     1.00114386        3
  1892.39725201     1.00111210        3
  1892.41768382     1.00064162        3
  1892.43811552     1.00034488        3
  1892.51984244     0.99947697        3
  1892.54027405     0.99989009        3
  1892.56070575     1.00063427        3
  1892.58113756     1.00100397        3
  1892.60156917     1.00097735        3
  1892.62200087     1.00052998        3
  1892.64243268     1.00030491        3
  1892.76502292     0.99701127        3
  1892.78545463     0.99749048        3
  1892.80588634     0.99799429        3
  1892.82631805     0.99863290        3
  1892.84674976     0.99876937        3
  1892.86718157     0.99862673        3
  1892.88761318     0.99901586        3
  1892.90804499     0.99923797        3
  1892.92847660     1.00005041        3
  1892.94890831     1.00047035        3
  1892.96934012     1.00062347        3
  1893.01020344     1.00050464        3
  1893.03063525     0.99915837        3
  1893.05106686     0.99936532        3
  1893.07149867     0.99979496        3
  1893.09193038     1.00042524        3
  1893.11236200     1.00082831        3
  1893.13279381     1.00083208        3
  1893.15322552     1.00099178        3
  1893.17365713     1.00082555        3
  1893.19408895     1.00072559        3
  1893.25538409     0.99742172        3
  1893.27581580     0.99749030        3
  1893.29624761     0.99799716        3
  1893.31667923     0.99827086        3
  1893.33711094     0.99842745        3
  1893.35754276     0.99859593        3
  1893.37797447     0.99904220        3
  1893.39840609     0.99893311        3
  1893.41883790     0.99911457        3
  1893.43926962     0.99908149        3
  1893.45970144     0.99929048        3
  1893.50056477     0.99859723        3
  1893.52099658     0.99907930        3
  1893.54142820     0.99890677        3
  1893.56185982     0.99923083        3
  1893.58229164     0.99984997        3
  1893.60272335     1.00034467        3
  1893.62315517     1.00089835        3
  1893.64358679     1.00051295        3
  1893.66401851     1.00058340        3
  1893.68445033     1.00069226        3
  1893.70488195     1.00051292        3
  1893.74574548     0.99952183        3
  1893.76617710     1.00006807        3
  1893.78660882     1.00045103        3
  1893.80704064     1.00089768        3
  1893.82747226     1.00079856        3
  1893.84790408     1.00085726        3
  1893.86833581     1.00095888        3
  1893.88876753     1.00107161        3
  1893.99092614     0.99861683        3
  1894.01135796     0.99887583        3
  1894.03178968     0.99879971        3
  1894.05222130     0.99871728        3
  1894.07265313     0.99865892        3
  1894.09308485     0.99919661        3
  1894.11351647     0.99945783        3
  1894.13394830     0.99978155        3
  1894.15438002     0.99986972        3
  1894.17481175     1.00058166        3
  1894.19524347     1.00088632        3
  1894.23610692     0.99882785        3
  1894.25653865     0.99877406        3
  1894.27697027     0.99919091        3
  1894.29740210     0.99984127        3
  1894.31783382     1.00049693        3
  1894.33826545     1.00046416        3
  1894.35869728     1.00067515        3
  1894.37912901     1.00070243        3
  1894.39956083     1.00061840        3
  1894.41999246     1.00038431        3
  1894.48128764     0.99915790        3
  1894.50171937     1.00005597        3
  1894.52215120     1.00047685        3
  1894.54258293     1.00050503        3
  1894.56301466     1.00032537        3
  1894.58344639     1.00017063        3
  1894.72646850     0.99894564        3
  1894.74690033     0.99954608        3
  1894.76733196     1.00031437        3
  1894.78776380     1.00070062        3
  1894.80819553     1.00075517        3
  1894.82862716     1.00053329        3
  1894.84905899     1.00049522        3
  1894.97164939     0.99995913        3
  1894.99208103     0.99915217        3
  1895.01251286     0.99934547        3
  1895.03294460     0.99936611        3
  1895.05337633     0.99972400        3
  1895.07380807     1.00019593        3
  1895.09423980     1.00071623        3
  1895.11467164     1.00096211        3
  1895.13510328     1.00118759        3
  1895.15553501     1.00093295        3
  1895.17596685     1.00085545        3
  1895.21683022     1.00014901        3
  1895.23726206     1.00024716        3
  1895.25769380     1.00048137        3
  1895.27812544     1.00052010        3
  1895.29855728     1.00063523        3
  1895.31898901     1.00085164        3
  1895.33942085     1.00099352        3
  1895.35985249     1.00101508        3
  1895.38028423     1.00078315        3
  1895.40071607     1.00045045        3
  1895.46201129     0.99891598        3
  1895.48244293     0.99875265        3
  1895.50287477     0.99923412        3
  1895.52330641     0.99954163        3
  1895.54373816     0.99939947        3
  1895.56417000     0.99507968        3
  1895.58460164     0.98564203        3
  1895.60503338     0.97401906        3
  1895.62546522     0.96112260        3
  1895.64589687     0.94810651        3
  1895.66632871     0.93531854        3
  1895.70719220     0.91398803        3
  1895.72762394     0.90854412        3
  1895.74805568     0.90565971        3
  1895.76848743     0.90446389        3
  1895.78891917     0.90587919        3
  1895.80935092     0.90944455        3
  1895.82978266     0.91545657        3
  1895.85021451     0.92358752        3
  1895.87064615     0.93399826        3
  1895.89107800     0.94607403        3
  1895.91150975     0.95899510        3
  1895.95237324     0.98234381        3
  1895.97280498     0.99294753        3
  1895.99323663     0.99867741        3
  1896.01366848     0.99935637        3
  1896.03410023     0.99949613        3
  1896.05453207     0.99951130        3
  1896.07496372     0.99975246        3
  1896.09539547     1.00060792        3
  1896.11582722     1.00117095        3
  1896.13625897     1.00146225        3
  1896.15669072     1.00115439        3
  1896.19755422     0.99901260        3
  1896.21798607     0.99953665        3
  1896.23841772     1.00036429        3
  1896.25884947     1.00072802        3
  1896.27928132     1.00080914        3
  1896.29971297     1.00077693        3
  1896.32014472     1.00076370        3
  1896.34057657     1.00074142        3
  1896.36100823     1.00073038        3
  1896.44273534     0.99749594        3
  1896.46316709     0.99812903        3
  1896.48359884     0.99874021        3
  1896.50403060     0.99872883        3
  1896.52446235     0.99868463        3
  1896.54489410     0.99876313        3
  1896.56532596     0.99911453        3
  1896.58575761     0.99916713        3
  1896.60618947     0.99987528        3
  1896.62662122     1.00045166        3
  1896.64705288     1.00084623        3
  1896.68791649     0.99845530        3
  1896.70834815     0.99855422        3
  1896.72878001     0.99892536        3
  1896.74921176     0.99962502        3
  1896.76964352     0.99963030        3
  1896.79007528     1.00014267        3
  1896.81050704     1.00040599        3
  1896.83093879     1.00096514        3
  1896.85137055     1.00095599        3
  1896.87180231     1.00068710        3
  1896.89223407     1.00046225        3
  1896.93309759     0.99974073        3
  1896.95352935     1.00000000        3
  1896.97396111     1.00029980        3
  1896.99439297     1.00094584        3
  1897.01482463     1.00154065        3
  1897.03525639     1.00181031        3
  1897.05568825     1.00128408        3
  1897.07612001     1.00035834        3
  1897.09655167     1.00039029        3
  1897.17827882     0.99837271        3
  1897.19871059     0.99848132        3
  1897.21914245     0.99888572        3
  1897.23957411     0.99940198        3
  1897.26000588     0.99932433        3
  1897.28043774     1.00014011        3
  1897.30086941     0.99981403        3
  1897.32130127     1.00000714        3
  1897.34173304     1.00068218        3
  1897.36216470     1.00106170        3
  1897.38259657     1.00228408        3
  1897.42346000     0.99949172        3
  1897.44389186     0.99917509        3
  1897.46432363     0.99950627        3
  1897.48475550     1.00029609        3
  1897.50518716     1.00062018        3
  1897.52561883     1.00121289        3
  1897.54605070     1.00096512        3
  1897.56648247     1.00110928        3
  1897.58691424     1.00107572        3
  1897.60734600     1.00092508        3
  1897.62777777     1.00083224        3
  1897.66864131     0.99757207        3
  1897.68907308     0.99816515        3
  1897.70950495     0.99842381        3
  1897.72993672     0.99853557        3
  1897.75036839     0.99866337        3
  1897.77080026     0.99897010        3
  1897.79123203     0.99926121        3
  1897.81166371     0.99882334        3
  1897.83209558     0.99902879        3
  1897.85252735     0.99924278        3
  1897.87295922     0.99982125        3
  1897.91382267     0.99886206        3
  1897.93425454     0.99904999        3
  1897.95468621     0.99902310        3
  1897.97511799     0.99906284        3
  1897.99554986     0.99912156        3
  1898.01598154     0.99911125        4
  1898.03641341     0.99954105        4
  1898.05684518     0.99992566        4
  1898.07727686     0.99997050        4
  1898.09770874     0.99965779        4
  1898.11814051     0.99911142        4
  1898.15900406     0.99890122        4
  1898.17943574     0.99907967        4
  1898.19986762     0.99920659        4
  1898.22029939     0.99949179        4
  1898.24073107     0.99985294        4
  1898.26116295     0.99997994        4
  1898.28159473     0.99992392        4
  1898.30202650     0.99947788        4
  1898.40418540     0.99904923        4
  1898.42461728     0.99885819        4
  1898.44504906     0.99893796        4
  1898.46548074     0.99923671        4
  1898.48591262     0.99936911        4
  1898.50634440     0.99968611        4
  1898.52677608     0.99995194        4
  1898.54720797     0.99997713        4
  1898.56763975     0.99985834        4
  1898.58807163     0.99949452        4
  1898.64936698     0.99885857        4
  1898.66979866     0.99901420        4
  1898.69023044     0.99887075        4
  1898.71066233     0.99875367        4
  1898.73109401     0.99911106        4
  1898.75152590     0.99943126        4
  1898.77195768     0.99975777        4
  1898.79238937     0.99989250        4
  1898.81282125     0.99994265        4
  1898.83325294     0.99964194        4
  1898.89454830     0.99937765        4
  1898.91498008     0.99936387        4
  1898.93541197     0.99980509        4
  1898.95584376     0.99912461        4
  1898.97627555     0.99897969        4
  1898.99670733     0.99897496        4
  1899.01713912     0.99904589        4
  1899.03757091     0.99931778        4
  1899.05800270     0.99949610        4
  1899.07843449     0.99979567        4
  1899.09886638     0.99980006        4
  1899.13972996     0.99900594        4
  1899.16016175     0.99942368        4
  1899.18059344     0.99911422        4
  1899.20102533     0.99921529        4
  1899.22145712     0.99940713        4
  1899.24188881     0.99984797        4
  1899.26232071     1.00031121        4
  1899.28275250     1.00045765        4
  1899.30318439     1.00020671        4
  1899.32361608     1.00022896        4
  1899.34404788     1.00027575        4
  1899.38491146     0.99932998        4
  1899.40534326     0.99999290        4
  1899.42577515     0.99974796        4
  1899.44620685     0.99967654        4
  1899.46663874     0.99961217        4
  1899.48707044     0.99988852        4
  1899.50750223     1.00027506        4
  1899.52793413     1.00064997        4
  1899.54836582     1.00044214        4
  1899.56879762     1.00001307        4
  1899.58922952     0.99961570        4
  1899.63009301     0.99910387        4
  1899.65052491     0.99906637        4
  1899.67095671     0.99918170        4
  1899.69138850     0.99967503        4
  1899.71182030     1.00005245        4
  1899.73225210     1.00009499        4
  1899.75268400     1.00000642        4
  1899.77311570     0.99996228        4
  1899.79354750     0.99990218        4
  1899.81397940     0.99964818        4
  1899.87527480     0.99865771        4
  1899.89570650     0.99897684        4
  1899.91613840     0.99916775        4
  1899.93657020     0.99892715        4
  1899.95700191     0.99882590        4
  1899.97743381     0.99872908        4
  1899.99786561     0.99908908        4
  1900.01829751     0.99936286        4
  1900.03872922     0.99920106        4
  1900.05916102     0.99966861        4
  1900.07959283     0.99995019        4
  1900.12045643     0.99901333        4
  1900.14088824     0.99867459        4
  1900.16132004     0.99899739        4
  1900.18175195     0.99962327        4
  1900.20218365     0.99942568        4
  1900.22261546     0.99966555        4
  1900.24304737     0.99974386        4
  1900.26347907     1.00003405        4
  1900.28391088     1.00057904        4
  1900.30434279     1.00036533        4
  1900.32477460     0.99985017        4
  1900.36563821     0.99933622        4
  1900.38607002     0.99936760        4
  1900.40650193     0.99953943        4
  1900.42693364     0.99961507        4
  1900.44736545     0.99991065        4
  1900.46779736     1.00030345        4
  1900.48822907     1.00034357        4
  1900.50866088     1.00019642        4
  1900.52909279     1.00029404        4
  1900.54952450     1.00032400        4
  1900.61081993     0.99988233        4
  1900.63125184     0.99989732        4
  1900.65168366     1.00032225        4
  1900.67211537     1.00043177        4
  1900.69254728     0.99988879        4
  1900.85600180     0.99913401        4
  1900.87643361     0.99961355        4
  1900.89686553     1.00050251        4
  1900.91729735     0.99991539        4
  1900.93772906     1.00064126        4
  1900.95816098     0.99988988        4
  1900.97859280     0.99993910        4
  1900.99902452     1.00001765        4
  1901.01945643     1.00006826        4
  1901.03988825     1.00052891        4
  1901.06031997     1.00070042        4
  1901.10118371     0.99934567        4
  1901.12161563     0.99956494        4
  1901.14204735     1.00011757        4
  1901.16247917     1.00070874        4
  1901.18291109     1.00023075        4
  1901.20334281     1.00032899        4
  1901.22377463     1.00059335        4
  1901.24420655     1.00081256        4
  1901.26463827     1.00045858        4
  1901.28507020     1.00078263        4
  1901.30550202     1.00041918        4
  1901.34636566     0.99968953        4
  1901.36679749     0.99953070        4
  1901.38722931     1.00016576        4
  1901.40766114     0.99972574        4
  1901.42809296     1.00017721        4
  1901.44852478     0.99993850        4
  1901.46895661     1.00007464        4
  1901.48938843     0.99969466        4
  1901.50982026     0.99997765        4
  1901.53025209     1.00028982        4
  1901.55068391     1.00121440        4
  1901.59154756     1.00019819        4
  1901.61197949     0.99967632        4
  1901.63241132     0.99935790        4
  1901.65284305     0.99948788        4
  1901.67327498     1.00005584        4
  1901.69370680     1.00014855        4
  1901.71413853     1.00000775        4
  1901.73457046     0.99998484        4
  1901.75500229     1.00003999        4
  1901.77543402     1.00068690        4
  1901.79586595     1.00091299        4
  1901.83672971     0.99988774        4
  1901.85716144     0.99994333        4
  1901.87759327     1.00042555        4
  1901.89802521     1.00042642        4
  1901.91845694     1.00039843        4
  1901.93888877     1.00039213        4
  1901.95932070     1.00067400        4
  1901.97975243     1.00066878        4
  1902.08191170     1.00022279        4
  1902.10234344     1.00018559        4
  1902.12277537     0.99971329        4
  1902.14320721     0.99995110        4
  1902.16363904     1.00061340        4
  1902.18407088     1.00103472        4
  1902.20450272     1.00113648        4
  1902.22493455     1.00075628        4
  1902.24536639     1.00066987        4
  1902.32709374     1.00071576        4
  1902.34752568     1.00085208        4
  1902.36795742     1.00086820        4
  1902.38838936     1.00064497        4
  1902.40882120     1.00048062        4
  1902.57227593     1.00017693        4
  1902.59270777     1.00012419        4
  1902.61313971     1.00037137        4
  1902.63357146     1.00025060        4
  1902.65400330     1.00049730        4
  1902.67443524     1.00084143        4
  1902.69486699     1.00121369        4
  1902.71529893     1.00126499        4
  1902.73573078     1.00098914        4
  1902.75616252     1.00046654        4
  1902.81745816     1.00386324        4
  1902.83789001     1.00068268        4
  1902.85832185     0.99992913        4
  1902.87875360     0.99971114        4
  1902.89918555     1.00007598        4
  1902.91961740     1.00062692        4
  1902.94004934     1.00108359        4
  1902.96048109     1.00069819        4
  1902.98091294     1.00094617        4
  1903.00134489     1.00104310        4
  1903.02177664     1.00156959        4
  1903.06264044     0.99882890        4
  1903.08307219     0.99995398        4
  1903.10350414     0.99917520        4
  1903.12393599     0.99939980        4
  1903.14436774     0.99960645        4
  1903.16479970     0.99998501        4
  1903.18523155     1.00015736        4
  1903.20566330     1.00018902        4
  1903.22609525     1.00006741        4
  1903.24652711     1.00008819        4
  1903.26695906     1.00021237        4
  1903.30782267     1.00054235        4
  1903.32825462     1.00000262        4
  1903.34868638     1.00022201        4
  1903.36911823     1.00065967        4
  1903.38955019     1.00172461        4
  1903.40998204     1.00110200        4
  1903.43041390     1.00148038        4
  1903.45084566     1.00065783        4
  1903.47127751     1.00109778        4
  1903.49170947     1.00138460        4
  1903.51214133     1.00142467        4
  1903.55300504     1.00007230        4
  1903.57343690     1.00079397        4
  1903.59386866     1.00059697        4
  1903.61430062     1.00070511        4
  1903.63473248     1.00031413        4
  1903.65516444     1.00047462        4
  1903.67559620     1.00088081        4
  1903.69602806     1.00141854        4
  1903.71646002     1.00138582        4
  1903.73689178     1.00122597        4
  1903.75732364     1.00083156        4
  1903.79818737     1.00037340        4
  1903.81861933     1.00041394        4
  1903.83905119     1.00024808        4
  1903.85948296     0.99995094        4
  1903.87991492     1.00013206        4
  1903.90034678     1.00025801        4
  1903.92077855     1.00013901        4
  1903.94121051     1.00019584        4
  1903.96164238     1.00046930        4
  1903.98207434     1.00087375        4
  1904.00250611     1.00121900        4
  1904.04336984     1.00084317        4
  1904.06380181     0.99947760        4
  1904.08423357     0.99706211        4
  1904.10466544     0.99362723        4
  1904.12509731     0.99013056        4
  1904.14552918     0.98675368        4
  1904.16596115     0.98342893        4
  1904.18639291     0.98074501        4
  1904.20682488     0.97868431        4
  1904.22725675     0.97722878        4
  1904.28855236     0.97609571        4
  1904.30898413     0.97672158        4
  1904.32941610     0.97766633        4
  1904.34984798     0.97970585        4
  1904.37027995     0.98240004        4
  1904.39071172     0.98622443        4
  1904.41114359     0.99007259        4
  1904.43157556     0.99445704        4
  1904.45200734     0.99824761        4
  1904.47243921     1.00065801        4
  1904.49287118     1.00132202        4
  1904.53373493     0.99931307        4
  1904.55416681     0.99971154        4
  1904.57459868     1.00015733        4
  1904.59503056     1.00030211        4
  1904.61546243     1.00034139        4
  1904.63589431     1.00059594        4
  1904.65632619     1.00052845        4
  1904.67675806     1.00058239        4
  1904.69718994     1.00026101        4
  1904.71762182     1.00022914        4
  1904.73805370     1.00082586        4
  1904.77891745     1.00151920        4
  1904.79934933     1.00128254        4
  1904.81978131     1.00096136        4
  1904.84021309     1.00063089        4
  1904.86064497     1.00058659        4
  1905.02410002     1.00008468        4
  1905.04453201     1.00000000        4
  1905.06496389     0.99996339        4
  1905.08539587     0.99974108        4
  1905.10582766     0.99986725        4
  1905.12625954     1.00016179        4
  1905.14669153     1.00002113        4
  1905.16712331     1.00028332        4
  1905.18755520     1.00031230        4
