  1835.65906446     0.99172389        0
  1835.67949661     0.99006710        0
  1835.69992877     0.98554515        0
  1835.72036092     0.99097528        0
  1835.74079307     0.98439585        0
  1835.76122532     0.98280002        0
  1835.78165737     0.98295857        0
  1835.80208952     1.01222741        0
  1835.82252177     1.00955726        0
  1835.84295382     1.00527903        0
  1835.86338596     1.00669936        0
  1835.88381821     1.00015908        0
  1835.90425026     0.99623907        0
  1835.92468241     0.99682599        0
  1835.94511465     0.99645456        0
  1835.96554670     0.99763486        0
  1835.98597884     0.99864275        0
  1836.00641109     0.99689522        0
  1836.02684313     1.00169797        0
  1836.04727528     0.99623142        0
  1836.06770752     0.99231349        0
  1836.08813956     0.99408306        0
  1836.10857170     0.99773292        0
  1836.12900394     0.99595070        0
  1836.14943609     0.99721662        0
  1836.16986813     0.99912575        0
  1836.19030037     0.99836430        0
  1836.21073251     0.99679767        0
  1836.23116475     1.00022115        0
  1836.25159678     0.99600777        0
  1836.27202892     0.99015571        0
  1836.31289320     1.01683566        0
  1836.33332533     1.01190751        0
  1836.35375757     1.01355673        0
  1836.37418961     1.01076155        0
  1836.39462174     1.01336081        0
  1836.41505388     1.00992835        0
  1836.43548601     1.01265985        0
  1836.45591815     1.01129264        0
  1836.47635028     1.00433987        0
  1836.49678241     1.00265313        0
  1836.51721454     1.00847252        0
  1836.53764668     1.00739100        0
  1836.55807881     1.00628299        0
  1836.57851094     1.00626922        0
  1836.59894317     1.00453676        0
  1836.61937520     1.00079413        0
  1836.63980733     0.99747342        0
  1836.66023956     1.00143509        0
  1836.68067159     1.00199858        0
  1836.70110371     0.99739779        0
  1836.72153594     0.99597543        0
  1836.74196797     1.00190911        0
  1836.76240010     1.00085476        0
  1836.78283232     0.99234731        0
  1836.80326435     0.99221454        0
  1836.82369657     0.99809031        0
  1836.84412870     0.99295197        0
  1836.86456072     0.99017589        0
  1836.88499295     0.99199522        0
  1836.90542507     0.99026429        0
  1836.92585709     0.98732124        0
  1836.94628931     0.98835825        0
  1836.96672144     0.99644847        0
  1836.98715356     0.98821033        0
  1837.00758568     0.98711443        0
  1837.19147474     1.02607901        0
  1837.21190686     1.02032419        0
  1837.23233898     1.02069491        0
  1837.25277109     1.02144458        0
  1837.27320320     1.01934753        0
  1837.29363522     1.01483237        0
  1837.31406743     1.01483184        0
  1837.33449955     1.01437467        0
  1837.35493166     1.01704388        0
  1837.37536377     1.00971180        0
  1837.39579588     1.01300283        0
  1837.41622799     1.01023300        0
  1837.43666020     1.01205118        0
  1837.45709221     1.00780363        0
  1837.47752442     1.00671749        0
  1837.49795653     1.00835260        0
  1837.51838854     1.00319298        0
  1837.53882075     1.01010411        0
  1837.55925286     1.00368397        0
  1837.57968487     1.00035797        0
  1837.60011707     1.00415952        0
  1837.62054918     1.00500080        0
  1837.64098119     1.00750093        0
  1837.66141339     1.01342572        0
  1837.68184550     1.00380252        0
  1837.70227750     1.00220077        0
  1837.72270971     1.00467385        0
  1837.74314181     0.99942420        0
  1837.76357381     0.99322441        0
  1837.78400602     0.99408877        0
  1837.80443812     0.99314542        0
  1837.82487022     0.99359246        0
  1837.84530232     0.99191889        0
  1837.86573442     0.99305134        0
  1837.88616642     0.99383454        0
  1837.90659862     0.99300654        0
  1837.92703072     0.99189154        0
  1837.94746282     0.99251281        0
  1837.96789492     0.98917462        0
  1837.98832702     0.99358388        0
  1838.00875901     0.99347862        0
  1838.02919121     0.99550140        0
  1838.04962331     0.98701136        0
  1838.07005550     0.98668782        0
  1838.09048750     0.98778603        0
  1838.11091959     0.99045677        0
  1838.13135179     0.98764926        0
  1838.15178378     0.98794606        0
  1838.17221588     0.98722621        0
  1838.19264807     0.98241358        0
  1838.21308006     0.98275782        0
  1838.23351216     0.98603091        0
  1838.35610470     1.02489233        0
  1838.37653689     1.02101263        0
  1838.39696898     1.01843672        0
  1838.41740097     1.01769063        0
  1838.43783315     1.01571269        0
  1838.45826524     1.01522039        0
  1838.47869723     1.01284979        0
  1838.49912941     1.01461753        0
  1838.51956150     1.01319911        0
  1838.53999348     1.01273458        0
  1838.56042567     1.01020635        0
  1838.58085775     1.01341500        0
  1838.60128974     1.01568942        0
  1838.62172192     1.00505217        0
  1838.64215400     1.00375579        0
  1838.66258599     1.00000000        0
  1838.68301817     1.00244167        0
  1838.70345025     0.99936005        0
  1838.72388233     0.99866110        0
  1838.74431441     1.00717493        0
  1838.76474649     0.99392704        0
  1838.78517857     0.99445017        0
  1838.80561065     0.99531370        0
  1838.82604273     0.99337232        0
  1838.84647491     0.99243642        0
  1838.86690689     0.99248490        0
  1838.88733896     0.99045050        0
  1838.90777114     0.99208582        0
  1838.92820312     0.98677042        0
  1838.94863519     0.98569902        0
  1838.96906737     0.98883604        0
  1839.13252386     1.01938315        0
  1839.15295603     1.02041075        0
  1839.17338810     1.01703675        0
  1839.19382007     1.01088480        0
  1839.21425224     1.01069871        0
  1839.23468431     1.00834052        0
  1839.25511628     1.01502856        0
  1839.27554845     1.01067548        0
  1839.29598052     1.00850775        0
  1839.31641268     1.00773454        0
  1839.33684465     1.03300445        0
  1839.35727672     1.00744866        0
  1839.37770878     1.00435091        0
  1839.39814085     1.00044401        0
  1839.41857282     1.00222938        0
  1839.43900498     0.99535996        0
  1839.45943705     0.99292992        0
  1839.47986901     0.99746625        0
  1839.50030117     0.98669203        0
  1839.52073324     0.98718684        0
  1839.54116530     0.99267850        0
  1839.56159736     0.98896515        0
  1839.58202942     0.98478422        0
  1839.60246148     0.98634380        0
  1839.62289355     0.98479843        0
  1839.64332561     0.98543923        0
  1839.66375767     0.98004982        0
  1839.68418983     0.97788223        0
  1839.70462179     0.97930128        0
  1839.72505384     1.00638133        0
  1839.74548600     1.02105109        0
  1839.76591796     1.00692730        0
  1839.78635002     1.00376278        0
  1839.80678217     1.00278845        0
  1839.82721413     0.99980152        0
  1839.84764619     0.99579666        0
  1839.86807834     0.99210123        0
  1839.88851030     0.99133821        0
  1839.90894235     0.98887035        0
  1839.92937451     0.99302504        0
  1839.94980656     0.98670473        0
  1839.97023861     0.98946576        0
  1839.99067067     0.98848133        0
  1840.01110272     0.98831172        0
  1840.03153477     0.97842091        0
  1840.05196682     0.97908923        0
  1840.07239887     0.97770548        0
  1840.09283092     0.97579072        0
  1840.11326297     0.97690474        0
  1840.13369492     0.97709887        0
  1840.15412707     0.97837470        0
  1840.17455912     0.98241031        0
  1840.19499107     0.98150635        0
  1840.33801549     1.01858658        0
  1840.35844754     1.02131123        0
  1840.37887958     1.01183375        0
  1840.39931163     1.01079875        0
  1840.41974367     1.01644924        0
  1840.44017571     1.01072824        0
  1840.46060776     1.01278806        0
  1840.48103980     1.01611900        0
  1840.50147184     1.01028805        0
  1840.52190398     1.00528956        0
  1840.54233592     1.00497570        0
  1840.56276806     1.00281663        0
  1840.58320010     1.00335891        0
  1840.60363204     0.99691434        0
  1840.62406418     0.99379111        0
  1840.64449622     0.99480407        0
  1840.66492816     0.98488691        0
  1840.68536029     0.98988871        0
  1840.70579233     1.02130078        0
  1840.76708844     1.01697663        0
  1840.78752047     1.01764721        0
  1840.80795251     1.01230803        0
  1840.82838444     1.00829609        0
  1840.84881658     1.00920015        0
  1840.86924861     1.01131782        0
  1840.88968064     1.00536851        0
  1840.91011258     1.00307184        0
  1840.93054471     1.00400137        0
  1840.95097674     1.00264762        0
  1840.97140867     1.00155491        0
  1840.99184080     0.99867258        0
  1872.00727900     0.99355338        1
  1872.02771062     0.99412274        1
  1872.04814225     0.99838337        1
  1872.06857387     1.00185842        1
  1872.08900549     1.00730345        1
  1872.10943712     1.00006152        1
  1872.12986884     1.00254623        1
  1872.17073198     1.00463456        1
  1872.19116371     1.00691153        1
  1872.21159533     1.00495396        1
  1872.23202685     1.00877854        1
  1872.25245857     1.00386840        1
  1872.27289019     1.00480319        1
  1872.29332172     1.00414700        1
  1872.31375344     1.00597924        1
  1872.33418506     1.00675777        1
  1872.35461658     1.01684628        1
  1872.37504830     1.00964356        1
  1872.41591165     0.98104460        1
  1872.43634317     0.98063602        1
  1872.45677479     0.98542544        1
  1872.47720651     0.98492277        1
  1872.49763803     0.98317005        1
  1872.51806965     0.98570332        1
  1872.53850137     0.98532068        1
  1872.55893289     0.98320137        1
  1872.57936452     0.98430068        1
  1872.59979624     0.98773617        1
  1872.62022776     0.98998131        1
  1872.66109110     0.98994421        1
  1872.68152262     0.99514793        1
  1872.70195434     0.99319952        1
  1872.72238596     0.99566092        1
  1872.74281748     0.99677039        1
  1872.76324920     1.00626921        1
  1872.78368082     1.00097670        1
  1872.80411234     1.00272746        1
  1872.82454406     1.00928540        1
  1872.84497568     1.00223493        1
  1872.86540720     1.00193509        1
  1872.90627054     1.00984031        1
  1872.92670206     1.00907016        1
  1872.94713378     1.01352676        1
  1872.96756539     1.01628822        1
  1872.98799711     1.01586173        1
  1873.00842863     1.01820026        1
  1873.02886025     1.02034635        1
  1873.15144996     0.97499475        1
  1873.17188168     0.98451034        1
  1873.19231330     0.98631870        1
  1873.21274492     0.98906883        1
  1873.23317654     0.99441647        1
  1873.25360816     1.06459159        1
  1873.27403977     1.00139135        1
  1873.29447139     0.99363688        1
  1873.31490301     0.99502823        1
  1873.33533463     1.00266855        1
  1873.35576624     1.03181055        1
  1873.39662948     0.99806350        1
  1873.41706110     0.99219929        1
  1873.43749262     0.98718254        1
  1873.45792433     0.99108235        1
  1873.47835595     0.99379771        1
  1873.49878767     0.99612334        1
  1873.51921918     0.99592025        1
  1873.53965080     0.99737025        1
  1873.56008252     1.00058019        1
  1873.58051404     1.00294306        1
  1873.60094565     0.99851782        1
  1873.64180899     0.97087679        1
  1873.66224050     0.96561432        1
  1873.68267222     1.00352334        1
  1873.70310384     0.96946226        1
  1873.72353535     0.96797241        1
  1873.74396707     0.97454353        1
  1873.76439868     0.97711637        1
  1873.78483030     0.97745155        1
  1873.80526192     0.97336592        1
  1873.82569353     0.97614686        1
  1873.84612525     0.97831578        1
  1873.88698838     0.98164880        1
  1873.90742010     0.99048530        1
  1873.92785161     0.98750765        1
  1873.94828323     0.98893570        1
  1873.96871494     0.98904748        1
  1873.98914646     0.99239085        1
  1874.00957818     0.99310657        1
  1874.03000969     0.99419177        1
  1874.05044131     1.00027370        1
  1874.07087302     0.99880698        1
  1874.09130454     1.00224222        1
  1874.13216787     0.96162390        1
  1874.15259938     0.96374897        1
  1874.17303100     0.96375090        1
  1874.19346271     0.96987543        1
  1874.21389433     0.97025415        1
  1874.23432584     0.97735472        1
  1874.25475756     0.97575950        1
  1874.27518917     0.98226270        1
  1874.29562079     0.98154105        1
  1874.31605240     0.98414659        1
  1874.33648401     0.98578436        1
  1874.37734724     0.99229042        1
  1874.39777886     0.99077192        1
  1874.41821057     0.99304461        1
  1874.43864209     1.00351618        1
  1874.45907370     1.00444384        1
  1874.47950541     1.00287750        1
  1874.49993693     1.00481073        1
  1874.52036864     1.00880910        1
  1874.54080026     1.01178949        1
  1874.56123177     1.00995707        1
  1874.58166348     1.01323272        1
  1874.62252661     0.99825261        1
  1874.64295832     1.00270480        1
  1874.66338994     1.00728432        1
  1874.68382155     1.00640107        1
  1874.70425316     1.00652875        1
  1874.72468478     1.01321382        1
  1874.74511629     1.01885202        1
  1874.76554800     1.01714848        1
  1874.78597962     1.02207176        1
  1874.86770617     0.98871468        1
  1874.88813768     0.99313258        1
  1874.90856930     0.99899581        1
  1874.92900101     0.99938619        1
  1874.94943252     1.00433280        1
  1874.96986413     1.00733970        1
  1874.99029585     1.01151141        1
  1875.01072736     1.01187897        1
  1875.11288552     0.99375137        1
  1875.13331703     0.99760685        1
  1875.15374874     1.00025547        1
  1875.17418036     1.00632256        1
  1875.19461197     1.01108471        1
  1875.21504358     1.01755885        1
  1875.23547519     1.02064999        1
  1875.35806486     0.99657950        1
  1875.37849657     0.99164251        1
  1875.39892809     0.99695602        1
  1875.41935970     0.99735470        1
  1875.43979141     0.99211933        1
  1875.46022292     0.99519728        1
  1875.48065453     1.00777063        1
  1875.50108624     1.00080888        1
  1875.52151775     1.00333033        1
  1875.54194947     1.00556085        1
  1875.56238108     1.01092733        1
  1875.60324430     0.97862734        1
  1875.62367591     0.98486268        1
  1875.64410742     0.98796654        1
  1875.66453913     0.98624842        1
  1875.68497074     0.99025339        1
  1875.70540235     0.99193591        1
  1875.72583396     0.98868227        1
  1875.74626557     0.99355768        1
  1875.76669728     0.99959231        1
  1875.78712880     1.00113562        1
  1875.80756041     0.99791357        1
  1875.84842373     1.00625472        1
  1875.86885524     1.00562674        1
  1875.88928695     1.01033188        1
  1875.90971856     1.01237215        1
  1875.93015007     1.01586022        1
  1875.95058178     1.01445519        1
  1875.97101339     1.01957710        1
  1876.09360305     1.00511289        1
  1876.11403466     0.99619206        1
  1876.13446627     1.00395901        1
  1876.15489778     1.00714243        1
  1876.17532949     1.00933356        1
  1876.19576110     1.00974241        1
  1876.21619271     1.01282158        1
  1876.23662432     1.02504716        1
  1876.33878246     0.97869070        1
  1876.35921407     0.98019285        1
  1876.37964558     0.98201175        1
  1876.40007729     0.98606518        1
  1876.42050890     0.98479759        1
  1876.44094041     0.99200580        1
  1876.46137212     0.99162527        1
  1876.48180373     0.99582298        1
  1876.50223544     0.99856555        1
  1876.52266695     1.00000000        1
  1876.54309856     1.00089782        1
  1876.58396177     1.00919603        1
  1876.60439338     1.01451549        1
  1876.62482509     1.01676957        1
  1876.82914108     1.00454178        1
  1876.84957279     1.00765305        1
  1876.87000430     1.02770939        1
  1876.89043590     1.02597004        1
  1876.91086761     1.03193150        1
  1877.07432058     0.98811528        1
  1877.09475209     0.99222206        1
  1877.11518370     0.98828138        1
  1877.13561540     0.99293036        1
  1877.15604691     1.02145629        1
  1877.17647852     1.00558477        1
  1877.19691023     1.00892451        1
  1877.21734174     1.00705868        1
  1877.23777344     1.01079806        1
  1877.25820505     1.01852725        1
  1877.31949987     0.98878020        1
  1877.33993148     0.98211733        1
  1877.36036309     0.98724894        1
  1877.38079470     0.99468722        1
  1877.40122631     1.00477547        1
  1877.42165791     1.01266526        1
  1877.44208952     1.01387666        1
  1877.46252113     1.01239846        1
  1877.48295274     1.00712845        1
  1877.50338434     1.00513361        1
  1877.52381595     1.00855044        1
  1877.56467917     0.97881838        1
  1877.58511087     0.98782165        1
  1877.60554238     0.98607228        1
  1877.62597399     0.98996914        1
  1877.64640569     0.98866043        1
  1877.66683720     0.99205117        1
  1877.68726891     0.99637623        1
  1877.70770052     0.99502392        1
  1877.72813202     0.99556043        1
  1877.74856373     1.00796228        1
  1877.76899534     1.00742396        1
  1877.80985855     0.98095130        1
  1877.83029016     0.98538034        1
  1877.85072167     0.99224162        1
  1877.87115337     0.98942169        1
  1877.89158498     0.99617718        1
  1877.91201659     1.00053993        1
  1877.93244820     1.00096360        1
  1877.95287980     1.00404554        1
  1877.97331151     1.00479614        1
  1877.99374312     1.00551660        1
  1878.01417462     1.01162241        1
  1878.05503794     0.99245463        1
  1878.07546944     0.99281987        1
  1878.09590115     0.99566909        1
  1878.11633276     0.99970363        1
  1878.13676426     1.00212214        1
  1878.15719597     1.02191164        1
  1878.17762748     1.00548066        1
  1878.19805918     1.01414816        1
  1878.21849079     1.01009692        1
  1878.23892230     1.01613695        1
  1878.25935401     1.02081094        1
  1878.30021712     0.99457752        1
  1878.32064883     0.99602434        1
  1878.34108043     1.00195911        1
  1878.36151194     1.00596021        1
  1878.38194364     1.00668046        1
  1878.40237525     1.00937836        1
  1878.42280696     1.01154953        1
  1878.44323846     1.01845233        1
  1878.46367007     1.01670617        1
  1878.48410178     1.02415226        1
  1878.54539660     0.98520104        1
  1878.56582820     1.01993429        1
  1878.58625971     1.00145381        1
  1878.60669142     0.99875929        1
  1878.62712302     1.00245927        1
  1878.64755463     1.00644149        1
  1878.66798624     1.00507303        1
  1878.68841784     1.01110643        1
  1878.70884955     1.02135901        1
  1878.72928105     1.02838945        1
  1878.74971266     1.03283137        1
  1878.79057587     0.98658463        1
  1878.81100748     0.99385983        1
  1878.83143909     0.99371870        1
  1878.85187069     0.99459940        1
  1878.87230240     0.99919653        1
  1878.89273391     1.00275215        1
  1878.91316551     1.00224414        1
  1878.93359722     1.00705965        1
  1878.95402872     1.01217728        1
  1878.97446033     1.01540742        1
  1878.99489204     1.02312931        1
  1879.03575515     0.97253492        1
  1879.05618686     0.97256316        1
  1879.07661846     0.98102424        1
  1879.09705007     0.98307150        1
  1879.11748167     0.98443144        1
  1879.13791328     0.98788293        1
  1879.15834489     0.99679886        1
  1879.17877649     1.00139353        1
  1879.19920810     0.99913158        1
  1879.21963980     1.00790108        1
  1879.24007131     1.00946153        1
  1879.28093462     0.97286714        1
  1879.30136613     0.97922419        1
  1879.32179783     0.97753468        1
  1879.34222944     0.98151689        1
  1879.36266095     0.98394218        1
  1879.38309265     0.98413622        1
  1879.40352426     0.98739190        1
  1879.42395577     0.98504829        1
  1879.44438747     0.99086381        1
  1879.46481908     0.99252551        1
  1879.48525058     0.99510257        1
  1879.52611380     0.99803825        1
  1879.54654550     0.99895074        1
  1879.56697711     0.99817976        1
  1879.58740871     1.00780426        1
  1879.60784032     1.00527747        1
  1879.62827193     1.00646289        1
  1879.64870353     1.01644937        1
  1879.66913514     1.01786281        1
  1879.68956674     1.01917113        1
  1879.70999835     1.01972136        1
  1879.73042996     1.02167282        1
  1879.77129327     0.99241844        1
  1879.79172487     0.99178874        1
  1879.81215638     0.99839606        1
  1879.83258809     1.00054107        1
  1879.85301969     1.00188440        1
  1879.87345120     1.00317151        1
  1879.89388290     1.00938005        1
  1879.91431451     1.00630474        1
  1879.93474602     1.01277532        1
  1879.95517772     1.01407023        1
  1879.97560933     1.00963902        1
  1880.01647254     0.96779319        2
  1880.03690415     0.97731318        2
  1880.05733585     0.98027582        2
  1880.07776736     0.98175514        2
  1880.09819896     0.98601613        2
  1880.11863057     0.98831081        2
  1880.13906218     0.99159234        2
  1880.15949378     0.99160471        2
  1880.17992549     0.99649790        2
  1880.20035699     0.99545426        2
  1880.22078870     0.99914907        2
  1880.26165181     0.99548852        2
  1880.28208352     0.99744219        2
  1880.30251512     0.99922843        2
  1880.32294663     1.00938567        2
  1880.34337834     1.01157021        2
  1880.36380994     1.01204900        2
  1880.38424145     1.01441419        2
  1880.40467316     1.01545425        2
  1880.42510476     1.02378221        2
  1880.50683129     0.99227815        2
  1880.52726279     1.00045892        2
  1880.54769440     0.99993682        2
  1880.56812610     1.00652221        2
  1880.58855761     1.00930652        2
  1880.60898922     1.01484810        2
  1880.62942092     1.02333045        2
  1880.64985243     1.02419040        2
  1880.75201056     0.98393516        2
  1880.77244217     1.01215384        2
  1880.79287377     0.99472058        2
  1880.81330538     0.99466957        2
  1880.83373699     0.99768441        2
  1880.85416859     1.00101697        2
  1880.87460020     1.00562147        2
  1880.89503180     1.01887382        2
  1880.91546341     1.02001161        2
  1880.93589502     1.02256714        2
  1880.99718984     0.97486739        2
  1881.01762154     0.98037500        2
  1881.03805305     0.98011248        2
  1881.05848466     0.98495168        2
  1881.07891636     0.98691078        2
  1881.09934787     1.00415897        2
  1881.11977958     1.96854666        2
  1881.16064269     1.36429774        2
  1881.18107439     1.20632713        2
  1881.20150600     1.14051353        2
  1881.24236921     1.01902758        2
  1881.26280082     1.01513244        2
  1881.28323243     1.01255470        2
  1881.30366403     1.00856790        2
  1881.32409564     1.00071606        2
  1881.34452735     1.00420990        2
  1881.36495885     1.00142971        2
  1881.38539046     1.00068201        2
  1881.40582217     1.00562502        2
  1881.42625377     1.01011324        2
  1881.44668528     1.01196416        2
  1881.48754850     0.99779180        2
  1881.50798020     0.98232091        2
  1881.52841181     0.98344140        2
  1881.54884342     0.98970709        2
  1881.56927502     0.99093239        2
  1881.58970663     0.99398199        2
  1881.61013814     0.99291913        2
  1881.63056984     0.99444897        2
  1881.65100145     0.99842064        2
  1881.67143296     1.00682056        2
  1881.69186466     1.01074893        2
  1881.73272798     0.99826716        2
  1881.75315949     0.99738864        2
  1881.77359109     0.99574274        2
  1881.79402280     1.00411394        2
  1881.81445431     1.00321269        2
  1881.83488591     1.00678558        2
  1881.85531762     1.00654957        2
  1881.87574913     1.01606961        2
  1881.89618074     1.01568547        2
  1881.91661244     1.01372758        2
  1881.93704405     1.01866447        2
  1881.97790726     0.99110298        2
  1881.99833887     0.99316848        2
  1882.01877048     0.99792027        2
  1882.03920209     1.00538947        2
  1882.05963369     1.00202172        2
  1882.08006540     1.01210328        2
  1882.10049691     1.01075255        2
  1882.12092852     1.01601418        2
  1882.14136022     1.02213760        2
  1882.16179173     1.03784666        2
  1882.22308655     1.04609720        2
  1882.24351826     1.01848618        2
  1882.26394977     1.01298175        2
  1882.28438138     1.00994775        2
  1882.30481309     1.02247640        2
  1882.32524459     1.01630306        2
  1882.34567630     1.02436967        2
  1882.46826595     1.00850628        2
  1882.48869756     1.01236295        2
  1882.50912916     1.01266048        2
  1882.52956077     1.01580353        2
  1882.54999238     1.02225794        2
  1882.71344535     0.96531371        2
  1882.73387685     0.97040276        2
  1882.75430856     0.97188745        2
  1882.77474017     0.98216856        2
  1882.79517188     0.97894639        2
  1882.81560339     0.98267333        2
  1882.83603500     0.98510146        2
  1882.85646671     0.98711842        2
  1882.87689821     0.99823281        2
  1882.89732972     0.99710331        2
  1882.91776143     1.00327106        2
  1882.95862465     0.96329079        2
  1882.97905626     0.96781246        2
  1882.99948787     0.97306688        2
  1883.01991958     0.97794510        2
  1883.04035108     0.98343419        2
  1883.06078269     0.98062960        2
  1883.08121440     0.98689295        2
  1883.10164601     0.98999843        2
  1883.12207752     1.01636706        2
  1883.14250923     1.00053595        2
  1883.16294084     1.00315404        2
  1883.20380406     0.99899287        2
  1883.22423567     0.99520308        2
  1883.24466738     0.99890767        2
  1883.26509888     1.00317075        2
  1883.28553049     1.00537827        2
  1883.30596220     1.10154919        2
  1883.32639371     1.01529803        2
  1883.34682532     1.00883153        2
  1883.36725703     1.01636365        2
  1883.38768854     1.01168679        2
  1883.40812025     1.00980308        2
  1883.44898337     0.99297982        2
  1883.46941508     0.99917805        2
  1883.48984669     0.99748921        2
  1883.51027820     1.00554209        2
  1883.53070991     1.00850031        2
  1883.55114142     1.00919404        2
  1883.57157313     1.01367866        2
  1883.59200474     1.01308375        2
  1883.61243625     1.01658319        2
  1883.63286796     1.02036034        2
  1883.65329957     1.02644476        2
  1883.69416279     0.97225405        2
  1883.71459440     0.97631633        2
  1883.73502601     0.98100535        2
  1883.75545762     0.98480308        2
  1883.77588923     0.98691654        2
  1883.79632094     0.99088358        2
  1883.81675255     0.99082261        2
  1883.83718406     0.99498350        2
  1883.85761577     0.99308408        2
  1883.87804738     1.00306737        2
  1883.89847889     1.00128483        2
  1883.93934222     0.97218068        2
  1883.95977373     0.97492447        2
  1883.98020544     0.97224231        2
  1884.00063705     0.98126153        2
  1884.02106876     0.98330162        2
  1884.04150027     0.98446054        2
  1884.06193188     0.99214592        2
  1884.08236359     0.99478545        2
  1884.10279510     0.99400032        2
  1884.12322671     0.99340292        2
  1884.14365843     0.99992144        2
  1884.18452155     0.97072321        2
  1884.20495316     0.97950292        2
  1884.22538477     0.97947753        2
  1884.24581648     0.97989133        2
  1884.26624799     0.98375477        2
  1884.28667961     0.98425541        2
  1884.30711132     0.99504220        2
  1884.32754293     1.00033774        2
  1884.34797444     0.99698381        2
  1884.36840615     1.00334395        2
  1884.38883776     1.00684924        2
  1884.42970099     0.97711672        2
  1884.45013260     0.98246645        2
  1884.47056431     0.98739730        2
  1884.49099582     0.98656455        2
  1884.51142744     0.98715212        2
  1884.53185915     0.99656492        2
  1884.55229066     0.99482285        2
  1884.57272227     1.00204865        2
  1884.59315399     1.00938673        2
  1884.61358550     1.01432904        2
  1884.63401721     1.01277805        2
  1884.67488033     0.98849890        2
  1884.69531205     0.98976863        2
  1884.71574366     0.99333646        2
  1884.73617527     1.00075525        2
  1884.75660689     1.00357181        2
  1884.77703850     1.01074128        2
  1884.79747011     1.00889535        2
  1884.81790172     1.01038877        2
  1884.83833334     1.02048540        2
  1884.85876495     1.01872204        2
  1884.92005979     0.98163105        2
  1884.94049140     0.98516941        2
  1884.96092302     0.99141132        2
  1884.98135473     0.99621132        2
  1885.00178624     0.99492465        2
  1885.02221796     1.01071232        2
  1885.04264957     1.01063145        2
  1885.06308108     1.01127174        2
  1885.08351280     1.01097969        2
  1885.10394441     1.01818558        2
  1885.12437593     1.02305652        2
  1885.16523925     0.98947672        2
  1885.18567077     0.98057163        2
  1885.20610248     0.98417096        2
  1885.22653410     0.98391471        2
  1885.24696581     0.98727407        2
  1885.26739732     0.98747631        2
  1885.28782894     0.98978353        2
  1885.30826065     0.99607109        2
  1885.32869217     0.99792965        2
  1885.34912378     1.00408103        2
  1885.36955550     1.00092674        2
  1885.41041863     0.97601186        2
  1885.43085034     0.98226456        2
  1885.45128195     0.98471450        2
  1885.47171357     0.98531186        2
  1885.49214518     0.99229690        2
  1885.51257680     1.01713987        2
  1885.53300841     1.00592478        2
  1885.55344003     1.00539375        2
  1885.57387155     1.01087297        2
  1885.59430326     1.00496683        2
  1885.61473488     1.01174731        2
  1885.65559811     0.98717233        2
  1885.67602972     0.98703652        2
  1885.69646144     0.98979534        2
  1885.71689295     0.99420078        2
  1885.73732457     1.00097676        2
  1885.75775628     1.00049517        2
  1885.77818780     1.00634177        2
  1885.79861942     1.00908885        2
  1885.81905113     1.00526336        2
  1885.83948265     1.01744740        2
  1885.85991436     1.01813945        2
  1885.90077750     0.97556735        2
  1885.92120921     0.98205503        2
  1885.94164083     0.98976894        2
  1885.96207245     0.98740359        2
  1885.98250406     0.98784027        2
  1886.00293568     0.99550079        2
  1886.02336730     0.99536620        2
  1886.04379891     1.00411757        2
  1886.06423053     1.00825794        2
  1886.08466225     1.00731386        2
  1886.10509386     1.00962589        2
  1886.14595710     0.97296403        2
  1886.16638871     0.97837706        2
  1886.18682023     0.98326051        2
  1886.20725195     0.98460487        2
  1886.22768347     0.99089450        2
  1886.24811518     0.99275510        2
  1886.26854680     0.99715975        2
  1886.28897832     1.00173020        2
  1886.30941004     1.00329224        2
  1886.32984165     1.00741196        2
  1886.35027317     1.01107743        2
  1886.39113651     0.99469732        2
  1886.41156803     0.99381548        2
  1886.43199974     1.00496093        2
  1886.45243136     1.00311384        2
  1886.47286308     1.00830774        2
  1886.49329460     1.01563994        2
  1886.51372622     1.01835714        2
  1886.63631603     0.99919801        2
  1886.65674765     1.00659231        2
  1886.67717927     1.00967921        2
  1886.69761089     1.01192894        2
  1886.71804251     1.01827821        2
  1886.88149546     1.00138503        2
  1886.90192708     1.00644057        2
  1886.92235880     1.00905736        2
  1886.94279032     1.01114352        2
  1886.96322194     1.01639327        2
  1886.98365366     1.02094940        2
  1887.12667501     0.97696987        2
  1887.14710663     0.97717382        2
  1887.16753825     0.98173526        2
  1887.18796987     0.98764163        2
  1887.20840149     0.98752249        2
  1887.22883311     0.98738678        2
  1887.24926483     0.99308168        2
  1887.26969635     0.99190351        2
  1887.29012797     0.99646954        2
  1887.31055970     0.99855603        2
  1887.33099132     1.00268163        2
  1887.37185456     0.98745985        2
  1887.39228618     0.99128116        2
  1887.41271771     0.99038914        2
  1887.43314943     0.99260197        2
  1887.45358105     0.99681411        2
  1887.47401267     1.00461863        2
  1887.49444429     0.99895268        2
  1887.51487592     1.00579456        2
  1887.53530764     1.00807410        2
  1887.55573916     1.00537451        2
  1887.57617078     1.01195247        2
  1887.61703403     0.99948332        2
  1887.63746575     0.99986326        2
  1887.65789728     1.00252044        2
  1887.67832890     1.00339686        2
  1887.69876062     1.01004587        2
  1887.71919214     1.01024809        2
  1887.73962377     1.01748849        2
  1887.76005549     1.02309136        2
  1887.78048701     1.02283551        2
  1887.86221361     0.99973433        2
  1887.88264523     1.00000000        2
  1887.90307686     1.00665719        2
  1887.92350848     1.00720218        2
  1887.94394011     1.00790947        2
  1887.96437173     1.01019907        2
  1887.98480345     1.01514841        2
  1891.04954898     0.99420013        3
  1891.06998062     0.99691836        3
  1891.09041236     1.00018842        3
  1891.11084390     0.99854255        3
  1891.13127554     1.00330481        3
  1891.15170728     1.01179282        3
  1891.17213883     1.01839449        3
  1891.19257057     1.01027601        3
  1891.21300221     1.01840901        3
  1891.23343375     1.02107890        3
  1891.29472868     0.99797995        3
  1891.31516042     1.00108687        3
  1891.33559206     1.00000000        3
  1891.35602380     0.99565495        3
  1891.37645535     1.00255880        3
  1891.39688699     1.00498563        3
  1891.41731873     1.00696697        3
  1891.43775028     1.01263561        3
  1891.45818192     1.01564708        3
  1891.47861366     1.01915653        3
  1891.53990859     0.99732381        3
  1891.56034014     0.99791828        3
  1891.58077188     0.99415545        3
  1891.60120352     1.00009103        3
  1891.62163507     1.00410089        3
  1891.64206681     1.00278596        3
  1891.66249846     1.00520971        3
  1891.68293000     1.00277353        3
  1891.70336175     1.00995248        3
  1891.72379339     1.01417897        3
  1891.74422514     1.02036068        3
  1891.78508833     0.99584258        3
  1891.80552007     0.99931019        3
  1891.82595162     0.99749518        3
  1891.84638326     1.00266701        3
  1891.86681501     1.00098243        3
  1891.88724656     1.00761216        3
  1891.90767820     1.00962517        3
  1891.92810995     1.01378170        3
  1891.94854149     1.01407207        3
  1891.96897324     1.01661097        3
  1892.03026818     0.99290103        3
  1892.05069983     0.99968841        3
  1892.07113148     0.99646313        3
  1892.09156312     0.99561075        3
  1892.11199477     1.00515303        3
  1892.13242652     1.00934970        3
  1892.15285817     1.00745158        3
  1892.17328971     1.01118188        3
  1892.19372146     1.01446317        3
  1892.21415301     1.01725490        3
  1892.27544795     0.99572240        3
  1892.29587970     0.99223956        3
  1892.31631135     0.99774148        3
  1892.33674290     1.00380314        3
  1892.35717465     1.00684389        3
  1892.37760630     1.00680416        3
  1892.39803785     1.00780045        3
  1892.41846960     1.01938002        3
  1892.43890125     1.01854459        3
  1892.52062795     0.99262052        3
  1892.54105950     0.99761242        3
  1892.56149115     1.00543421        3
  1892.58192290     1.00639176        3
  1892.60235445     1.00933488        3
  1892.62278610     1.01502422        3
  1892.64321785     1.01682409        3
  1892.76580776     0.97550343        3
  1892.78623941     0.98455827        3
  1892.80667106     0.97512861        3
  1892.82710272     0.97815095        3
  1892.84753437     0.98415398        3
  1892.86796612     0.98650534        3
  1892.88839768     0.98846036        3
  1892.90882943     0.99625037        3
  1892.92926098     1.00025110        3
  1892.94969263     1.00539915        3
  1892.97012439     1.00768972        3
  1893.01098759     0.99791490        3
  1893.03141935     0.99108789        3
  1893.05185090     0.99024925        3
  1893.07228266     0.99974064        3
  1893.09271431     0.99751946        3
  1893.11314586     1.00176972        3
  1893.13357762     1.01062000        3
  1893.15400927     1.01416085        3
  1893.17444083     1.01187910        3
  1893.19487258     1.01795255        3
  1893.25616755     0.97107013        3
  1893.27659921     0.97836956        3
  1893.29703096     0.98242055        3
  1893.31746252     0.98320746        3
  1893.33789417     1.29471848        3
  1893.35832593     1.04829908        3
  1893.37875759     1.02104528        3
  1893.39918914     1.01498234        3
  1893.41962090     1.00648385        3
  1893.44005255     1.01101944        3
  1893.46048431     1.00621515        3
  1893.50134753     0.99368549        3
  1893.52177928     0.99309051        3
  1893.54221084     1.00043183        3
  1893.56264240     1.00100003        3
  1893.58307416     0.99645211        3
  1893.60350581     1.00230408        3
  1893.62393757     1.01102945        3
  1893.64436913     1.00876351        3
  1893.66480079     1.01233746        3
  1893.68523255     1.01047788        3
  1893.70566411     1.01231932        3
  1893.74652752     1.00660479        3
  1893.76695908     0.99780026        3
  1893.78739074     0.99868696        3
  1893.80782250     1.00643531        3
  1893.82825406     1.00952675        3
  1893.84868582     1.00776497        3
  1893.86911748     1.01455768        3
  1893.88954914     1.01447851        3
  1893.99170744     0.97851493        3
  1894.01213921     0.98537433        3
  1894.03257087     0.98018979        3
  1894.05300243     0.98597506        3
  1894.07343419     0.98873137        3
  1894.09386585     0.99349001        3
  1894.11429741     0.99578786        3
  1894.13472917     0.99448753        3
  1894.15516084     0.99830995        3
  1894.17559250     1.00506004        3
  1894.19602416     1.00849339        3
  1894.23688749     0.98935226        3
  1894.25731915     0.99393710        3
  1894.27775071     0.98943955        3
  1894.29818248     0.99788596        3
  1894.31861414     1.00011404        3
  1894.33904570     1.00655362        3
  1894.35947747     1.00686701        3
  1894.37990913     1.03072613        3
  1894.40034089     1.01340698        3
  1894.42077246     1.01830266        3
  1894.48206745     0.99969476        3
  1894.50249912     0.99688380        3
  1894.52293088     1.00189221        3
  1894.54336255     1.00743720        3
  1894.56379421     1.01107366        3
  1894.58422588     1.01463764        3
  1894.72724754     0.99151552        3
  1894.74767931     0.99498496        3
  1894.76811088     0.99823642        3
  1894.78854264     1.00382116        3
  1894.80897431     1.00503169        3
  1894.82940588     1.01176517        3
  1894.84983764     1.01635050        3
  1894.97242765     0.98421282        3
  1894.99285922     0.98872510        3
  1895.01329099     1.00653081        3
  1895.03372266     1.00279507        3
  1895.05415433     0.99587075        3
  1895.07458600     0.99601509        3
  1895.09501767     0.99862729        3
  1895.11544944     1.00405419        3
  1895.13588101     1.00946281        3
  1895.15631268     1.01461696        3
  1895.17674445     1.01715206        3
  1895.21760769     0.99036339        3
  1895.23803946     0.99211866        3
  1895.25847113     0.99911101        3
  1895.27890270     1.00575539        3
  1895.29933447     1.00395374        3
  1895.31976615     1.00598765        3
  1895.34019792     1.00943333        3
  1895.36062949     1.01105051        3
  1895.38106116     1.00856390        3
  1895.40149293     1.01225036        3
  1895.46278795     0.97940259        3
  1895.48321952     0.98848499        3
  1895.50365130     0.98952169        3
  1895.52408287     0.99140278        3
  1895.54451454     0.99211318        3
  1895.56494632     0.99731082        3
  1895.58537789     0.99957207        3
  1895.60580956     0.99933551        3
  1895.62624134     1.00325262        3
  1895.64667291     1.00775772        3
  1895.66710469     1.00408555        3
  1895.70796804     0.99093834        3
  1895.72839971     0.99535855        3
  1895.74883139     0.99126277        3
  1895.76926306     0.99239245        3
  1895.78969474     0.99693164        3
  1895.81012641     0.99752174        3
  1895.83055809     0.99530165        3
  1895.85098987     1.00048479        3
  1895.87142144     1.00786367        3
  1895.89185322     1.01133783        3
  1895.91228489     1.01368730        3
  1895.95314825     0.97551028        3
  1895.97357992     0.97652360        3
  1895.99401150     0.98214952        3
  1896.01444328     0.99246936        3
  1896.03487496     0.98929708        3
  1896.05530673     0.99299976        3
  1896.07573831     0.99638781        3
  1896.09616999     1.00084581        3
  1896.11660167     1.00292264        3
  1896.13703335     1.00740854        3
  1896.15746503     1.01279437        3
  1896.19832838     0.99409697        3
  1896.21876016     0.99294157        3
  1896.23919174     0.99311404        3
  1896.25962342     0.99863390        3
  1896.28005520     1.01130652        3
  1896.30048678     1.01242301        3
  1896.32091846     1.01153276        3
  1896.34135024     1.01895249        3
  1896.44350865     0.97454417        3
  1896.46394033     0.97932052        3
  1896.48437201     0.97931161        3
  1896.50480369     0.98023998        3
  1896.52523537     0.98651949        3
  1896.54566705     0.99053514        3
  1896.56609884     0.99249875        3
  1896.58653042     0.99398467        3
  1896.60696220     0.99585406        3
  1896.62739388     1.00622041        3
  1896.64782547     1.00308849        3
  1896.68868893     0.98378662        3
  1896.70912052     0.98741850        3
  1896.72955230     0.99116608        3
  1896.74998399     0.99993549        3
  1896.77041567     0.99654948        3
  1896.79084735     0.99867785        3
  1896.81127904     0.99984718        3
  1896.83171072     1.00872107        3
  1896.85214241     1.00859152        3
  1896.87257409     1.01601687        3
  1896.89300578     1.01981640        3
  1896.93386915     0.99347479        3
  1896.95430083     0.99964613        3
  1896.97473252     1.01875761        3
  1896.99516431     1.00745627        3
  1897.01559589     1.00897475        3
  1897.03602758     1.00827272        3
  1897.05645937     1.01609574        3
  1897.07689105     1.01096804        3
  1897.09732264     1.01633416        3
  1897.17904949     0.98354211        3
  1897.19948118     0.98504132        3
  1897.21991297     0.98611775        3
  1897.24034456     0.99102389        3
  1897.26077624     0.99375368        3
  1897.28120803     0.99436944        3
  1897.30163962     0.99444039        3
  1897.32207141     0.99590222        3
  1897.34250310     1.01790608        3
  1897.36293469     1.00636853        3
  1897.38336648     1.00333399        3
  1897.42422976     0.98912968        3
  1897.44466155     0.98773089        3
  1897.46509324     0.99370218        3
  1897.48552503     0.99590224        3
  1897.50595662     0.99940516        3
  1897.52638821     1.00218693        3
  1897.54682000     1.00876395        3
  1897.56725170     1.01001226        3
  1897.58768339     1.01197100        3
  1897.60811508     1.01163547        3
  1897.62854677     1.01586870        3
  1897.66941016     0.97008213        3
  1897.68984185     0.97117793        3
  1897.71027364     0.98003732        3
  1897.73070533     0.98371508        3
  1897.75113693     0.98150894        3
  1897.77156872     0.98421328        3
  1897.79200041     0.98903417        3
  1897.81243201     0.98511095        3
  1897.83286380     0.99054943        3
  1897.85329550     0.99405317        3
  1897.87372729     0.99753473        3
  1897.91459058     0.97981360        3
  1897.93502238     0.97900917        3
  1897.95545397     0.98216042        3
  1897.97588567     0.98792242        3
  1897.99631746     0.99385890        3
  1898.01674906     0.99613033        4
  1898.03718085     0.99900965        4
  1898.05761255     1.00252436        4
  1898.07804415     1.00757593        4
  1898.09847594     1.01050563        4
  1898.11890764     1.01302224        4
  1898.15977103     0.99314816        4
  1898.18020263     0.99252752        4
  1898.20063443     0.99255983        4
  1898.22106613     1.00107894        4
  1898.24149772     1.00699936        4
  1898.26192952     1.00503498        4
  1898.28236122     1.01282559        4
  1898.30279292     1.01820680        4
  1898.40495142     0.98223757        4
  1898.42538322     0.98518631        4
  1898.44581492     0.99612934        4
  1898.46624652     0.99387906        4
  1898.48667832     0.99319186        4
  1898.50711002     1.00202273        4
  1898.52754162     1.00375000        4
  1898.54797342     1.00632468        4
  1898.56840512     1.01083204        4
  1898.58883692     1.01471895        4
  1898.65013203     0.98318130        4
  1898.67056363     0.98373161        4
  1898.69099533     0.99221685        4
  1898.71142713     0.99188498        4
  1898.73185874     0.99529116        4
  1898.75229054     0.99763637        4
  1898.77272224     1.00000000        4
  1898.79315385     1.00320801        4
  1898.81358565     1.00646301        4
  1898.83401725     1.01197555        4
  1898.89531237     1.01915695        4
  1898.91574407     0.99763543        4
  1898.93617588     0.99359025        4
  1898.95660758     0.99580395        4
  1898.97703929     0.99436676        4
  1898.99747099     0.99339069        4
  1899.01790270     0.99696197        4
  1899.03833440     0.99646801        4
  1899.05876611     0.99517496        4
  1899.07919782     1.00107522        4
  1899.09962962     1.00289050        4
  1899.14049304     0.98498359        4
  1899.16092474     0.98745596        4
  1899.18135635     0.99186483        4
  1899.20178816     0.99144526        4
  1899.22221987     0.99603536        4
  1899.24265147     0.99867923        4
  1899.26308328     1.00107096        4
  1899.28351499     1.00610550        4
  1899.30394680     1.00936199        4
  1899.32437841     1.01242809        4
  1899.34481012     1.00966900        4
  1899.38567354     0.98763768        4
  1899.40610525     0.99394982        4
  1899.42653706     0.99596023        4
  1899.44696867     0.99799127        4
  1899.46740048     1.00062587        4
  1899.48783209     1.00407327        4
  1899.50826380     1.00759473        4
  1899.52869561     1.00846243        4
  1899.54912722     1.01299719        4
  1899.56955893     1.01599079        4
  1899.58999074     1.01306737        4
  1899.63085407     0.99087731        4
  1899.65128588     0.99239898        4
  1899.67171759     0.99214169        4
  1899.69214931     0.99447650        4
  1899.71258102     1.00416114        4
  1899.73301273     1.00557866        4
  1899.75344454     1.00528517        4
  1899.77387616     1.01343061        4
  1899.79430787     1.01136066        4
  1899.81473969     1.01307608        4
  1899.83517130     1.02031307        4
  1899.87603483     0.98202816        4
  1899.89646644     0.98187946        4
  1899.91689826     0.98442014        4
  1899.93732998     0.98407041        4
  1899.95776159     0.98174830        4
  1899.97819341     0.98884824        4
  1899.99862512     0.99403641        4
  1900.01905694     1.01248413        4
  1900.03948855     1.00900910        4
  1900.05992027     1.00602487        4
  1900.08035199     1.01329481        4
  1900.12121542     0.98849572        4
  1900.14164714     0.99301801        4
  1900.16207886     0.98946156        4
  1900.18251068     0.99406412        4
  1900.20294229     0.99379626        4
  1900.22337401     1.00109609        4
  1900.24380583     0.99635800        4
  1900.26423745     1.00363751        4
  1900.28466917     1.02293052        4
  1900.30510099     1.01247244        4
  1900.32553271     1.02088962        4
  1900.36639615     0.99193252        4
  1900.38682787     0.99336259        4
  1900.40725969     0.99252234        4
  1900.42769131     0.99893873        4
  1900.44812303     0.99872018        4
  1900.46855485     1.00249355        4
  1900.48898647     1.00537325        4
  1900.50941819     1.00739223        4
  1900.52985002     1.01329236        4
  1900.55028164     1.00924732        4
  1900.61157680     1.00240314        4
  1900.63200863     1.00430384        4
  1900.65244035     1.01156028        4
  1900.67287197     1.01366537        4
  1900.69330380     1.01365869        4
  1900.85675759     0.98801406        4
  1900.87718932     0.99469244        4
  1900.89762114     0.99286858        4
  1900.91805287     0.99394958        4
  1900.93848450     0.99657819        4
  1900.95891632     1.00389364        4
  1900.97934805     1.00227034        4
  1900.99977968     1.00412637        4
  1901.02021150     1.01659235        4
  1901.04064323     1.01343339        4
  1901.06107486     1.00822755        4
  1901.10193842     0.99171251        4
  1901.12237024     0.99270318        4
  1901.14280187     0.99995216        4
  1901.16323360     1.00149019        4
  1901.18366543     1.00281059        4
  1901.20409706     1.00344296        4
  1901.22452879     1.00933013        4
  1901.24496062     1.06347418        4
  1901.26539225     1.02522647        4
  1901.28582408     1.01782784        4
  1901.30625581     1.02084520        4
  1901.34711927     0.97990549        4
  1901.36755100     0.97894914        4
  1901.38798273     0.98898412        4
  1901.40841446     0.98752258        4
  1901.42884620     0.98535512        4
  1901.44927793     0.98682780        4
  1901.46970966     0.99373781        4
  1901.49014139     0.99154005        4
  1901.51057312     0.99627943        4
  1901.53100486     1.00343921        4
  1901.55143659     1.02390941        4
  1901.59230006     0.98245889        4
  1901.61273189     1.02558573        4
  1901.63316363     0.99955171        4
  1901.65359526     0.99490166        4
  1901.67402709     0.99414292        4
  1901.69445883     1.00080177        4
  1901.71489046     1.00062589        4
  1901.73532230     1.00102793        4
  1901.75575404     1.00804035        4
  1901.77618567     1.00762093        4
  1901.79661751     1.01179909        4
  1901.83748108     0.99897931        4
  1901.85791272     1.00253908        4
  1901.87834445     1.00579348        4
  1901.89877629     1.00759333        4
  1901.91920793     1.01430793        4
  1901.93963967     1.01387591        4
  1901.96007150     1.00993129        4
  1901.98050314     1.01557504        4
  1902.08266194     0.99181087        4
  1902.10309357     0.99385442        4
  1902.12352541     0.99977844        4
  1902.14395715     1.00328818        4
  1902.16438889     1.01661878        4
  1902.18482064     1.00871829        4
  1902.20525238     1.01107254        4
  1902.22568412     1.01096375        4
  1902.24611586     1.00684492        4
  1902.32784283     1.00312876        4
  1902.34827467     1.01409589        4
  1902.36870631     1.00941076        4
  1902.38913815     1.01386934        4
  1902.40956990     1.01704963        4
  1902.57302385     0.99361804        4
  1902.59345560     0.99240701        4
  1902.61388744     0.99813589        4
  1902.63431909     0.99948083        4
  1902.65475083     1.00586113        4
  1902.67518268     1.00561414        4
  1902.69561433     1.01150390        4
  1902.71604617     1.01698532        4
  1902.73647792     1.01440219        4
  1902.75690957     1.02064340        4
  1902.81820491     0.98417674        4
  1902.83863666     0.98381769        4
  1902.85906841     0.98972650        4
  1902.87950006     0.99227977        4
  1902.89993191     0.99311285        4
  1902.92036365     0.99640176        4
  1902.94079550     0.99592276        4
  1902.96122715     0.99844593        4
  1902.98165890     1.00608547        4
  1903.00209075     1.00623111        4
  1903.02252240     1.00890967        4
  1903.06338601     0.97503227        4
  1903.08381766     0.97038934        4
  1903.10424951     0.96975651        4
  1903.12468126     0.97551420        4
  1903.14511291     0.97456310        4
  1903.16554477     0.99457753        4
  1903.18597652     0.98366477        4
  1903.20640817     0.97941990        4
  1903.22684002     0.98361356        4
  1903.24727178     0.98807852        4
  1903.26770363     0.98644991        4
  1903.30856704     0.99214052        4
  1903.32899889     0.99385440        4
  1903.34943055     0.99780413        4
  1903.36986230     0.99397953        4
  1903.39029416     1.01046154        4
  1903.41072591     1.00410414        4
  1903.43115767     1.00418839        4
  1903.45158932     1.00809427        4
  1903.47202108     1.02437257        4
  1903.49245294     1.01038644        4
  1903.51288469     1.01440378        4
  1903.55374821     0.98552019        4
  1903.57417996     0.99010883        4
  1903.59461162     0.99389586        4
  1903.61504348     0.99481163        4
  1903.63547524     0.99710224        4
  1903.65590709     1.00238042        4
  1903.67633875     1.00350676        4
  1903.69677051     1.00774975        4
  1903.71720237     1.01049002        4
  1903.73763403     1.01489351        4
  1903.75806579     1.02020460        4
  1903.79892931     0.98449658        4
  1903.81936117     0.98468681        4
  1903.83979293     0.98421193        4
  1903.86022459     0.98639424        4
  1903.88065645     0.99337676        4
  1903.90108821     0.99345088        4
  1903.92151988     0.99654472        4
  1903.94195174     0.99762582        4
  1903.96238350     1.00269410        4
  1903.98281536     1.00612049        4
  1904.00324702     1.00829936        4
  1904.04411055     0.99426753        4
  1904.06454241     0.99342919        4
  1904.08497408     0.99355238        4
  1904.10540584     1.00118435        4
  1904.12583761     1.00541697        4
  1904.14626937     1.01145829        4
  1904.16670124     1.01421597        4
  1904.18713290     1.01933650        4
  1904.20756477     1.01421641        4
  1904.22799653     1.01433013        4
  1904.28929183     0.97669945        4
  1904.30972350     0.98643079        4
  1904.33015536     0.98994302        4
  1904.35058713     0.99160390        4
  1904.37101900     0.99455188        4
  1904.39145066     0.99468030        4
  1904.41188243     1.00011503        4
  1904.43231430     1.00303672        4
  1904.45274597     1.00861638        4
  1904.47317774     1.01437664        4
  1904.49360961     1.01660392        4
  1904.53447314     0.97081371        4
  1904.55490491     0.97783794        4
  1904.57533668     0.97351854        4
  1904.59576845     0.98004460        4
  1904.61620022     0.98228961        4
  1904.63663200     0.98372070        4
  1904.65706377     0.99134738        4
  1904.67749554     0.98797467        4
  1904.69792731     0.99766855        4
  1904.71835908     0.99813001        4
  1904.73879085     1.00102889        4
  1904.77965440     1.00681924        4
  1904.80008617     1.00799595        4
  1904.82051804     1.01062863        4
  1904.84094972     1.01459255        4
  1905.02483569     0.97894960        4
  1905.04526757     0.98721807        4
  1905.06569934     0.99000165        4
  1905.08613122     0.98795936        4
  1905.10656290     0.99017631        4
  1905.12699467     1.01391648        4
  1905.14742655     1.00949637        4
  1905.16785823     1.00652406        4
  1905.18829001     1.00831795        4
